1786.1445783133 1661.6465863454 1748.9959839358 1732.2623828648 36.9005309565
2618.4738955823 2315.2610441767 2550.2008032129 2494.6452476573 91.8319536421
3417.6706827309 2843.3734939759 3469.8795180723 3243.641231593  200.7005538564
3055.2208835341 2704.8192771084 3072.2891566265 2944.109772423  119.7466594489
4043.1726907631 2946.7871485944 3864.4578313253 3618.1392235609 339.6174105605
3638.5542168675 3386.546184739  3590.3614457831 3538.4872824632 77.2338627793
4798.1927710843 3174.6987951807 4748.9959839358 4240.6291834003 533.1543789447
5003.0120481928 3961.8473895582 4791.1646586345 4585.3413654619 317.6887274292
3019.0763052209 4023.0923694779 3354.4176706827 3465.5287817939 295.1108964332
4137.5502008032 4072.2891566265 3772.0883534137 3993.9759036145 112.5319431278
5434.7389558233 1638.5542168675 5326.3052208835 4133.1994645248 1247.715332446
5318.2730923695 4612.4497991968 5798.1927710843 5242.9718875502 344.3589708577
5304.2168674699 4950.8032128514 4825.3012048193 5026.7737617135 143.3744470537
6599.3975903615 3972.8915662651 6596.3855421687 5722.8915662651 875.0004320206
7165.6626506024 5187.7510040161 7108.4337349398 6487.2824631861 649.9757167839
6059.2369477912 5543.1726907631 6550.2008032129 6050.8701472557 290.7340751325
5967.8714859438 6169.6787148594 5483.9357429719 5873.828647925  203.464900667
7122.4899598394 6507.0281124498 5878.5140562249 6502.6773761714 359.1115002674
7943.7751004016 4164.6586345382 9169.6787148594 7092.7041499331 1506.1869984781
6409.6385542169 7306.2248995984 6837.3493975904 6851.0709504685 258.913099605
8467.8714859438 5748.9959839358 8517.0682730924 7577.9785809906 914.6015683006
9986.9477911647 8475.9036144578 10925.702811245 9796.1847389558 713.599311638
10044.1767068273    5252.0080321285 12018.0722891566    9104.7523427042 2008.8798690223
11081.3253012048    9191.7670682731 11640.562248996 10637.8848728246    740.8618898338
4098.3935742972 9560.2409638554 8871.4859437751 7510.0401606426 1717.3715567705
12370.4819277108    10018.0722891566    15858.4337349398    12748.9959839357    1696.5563280184
15182.7309236948    10960.843373494 16001.0040160643    14048.1927710843    1561.6430920161
15487.9518072289    4238.9558232932 5242.9718875502 8323.2931726908 3594.0349690572
5288.1526104418 12052.2088353414    15838.3534136546    11059.5716198126    3085.756564619
15832.3293172691    12764.0562248996    15406.6265060241    14667.6706827309    959.7077200766
14995.983935743 14483.9357429719    8681.7269076305 12720.5488621151    2024.8136064792
8998.9959839358 5600.4016064257 14181.7269076305    9593.7081659973 2494.9981907738
11635.5421686747    15911.6465863454    0   9182.3962516734 4754.2461000585
0   15887.5502008032    2810.2409638554 6232.5970548862 4895.166110771
6036.1445783133 11922.6907630522    15819.2771084337    11259.3708165997    2843.5550249056
15809.2369477912    7708.8353413655 15881.5261044177    13133.1994645248    2712.2623420314
15831.3253012048    0   15878.5140562249    10569.9464524766    5284.9907821054
15845.3815261044    7170.6827309237 6307.2289156627 9774.4310575636 3045.6919200941
3169.6787148594 15888.5542168675    11212.8514056225    10090.3614457831    3714.2714086503
14108.4337349398    15934.7389558233    15977.9116465863    15340.3614457831    616.0899241357
15856.4257028112    15922.6907630522    15974.8995983936    15918.0053547523    34.2806105149
15301.2048192771    2022.0883534137 5805.2208835341 7709.5046854083 3949.829368764
6307.2289156627 14602.4096385542    16028.1124497992    12312.5836680054    3030.751909049
15504.016064257 15617.4698795181    8687.7510040161 13269.7456492637    2291.2314111891
10740.9638554217    14954.8192771084    15902.6104417671    13866.1311914324    1586.3564313128
12472.8915662651    6575.3012048193 5906.6265060241 8318.2730923695 2086.2584100832
7405.6224899598 15930.7228915663    16003.0120481928    13113.1191432396    2853.8246247181
15841.3654618474    14341.3654618474    15918.6746987952    15367.1352074967    513.3701906183
15567.2690763052    8330.3212851406 6354.4176706827 10084.0026773762    2800.3396564599
6198.7951807229 7982.9317269076 15710.843373494 9964.1900937082 2919.1210858986
15842.3694779116    15916.6666666667    15881.5261044177    15880.187416332 21.4581929075
15831.3253012048    15941.7670682731    11468.875502008 14413.9892904953    1472.9019843302
9600.4016064257 6181.7269076305 10629.5180722892    8803.8821954485 1344.3144399224
12520.0803212851    15784.1365461847    15701.8072289157    14668.6746987952    1074.5600461617
15862.4497991968    15903.6144578313    14686.7469879518    15484.2704149933    398.9387358105
14743.9759036145    8648.59437751   2240.9638554217 8544.5113788487 3609.6838514507
4857.4297188755 13445.7831325301    13712.8514056225    10672.0214190094    2908.317889839
11211.8473895582    15861.4457831325    15884.5381526104    14319.2771084337    1553.7291599777
15790.1606425703    13934.7389558233    13601.40562249  14442.1017402945    680.8633932446
11410.6425702811    6433.734939759  8840.3614457831 8894.9129852744 1436.9683705094
10524.0963855422    10379.5180722892    13348.3935742972    11417.3360107095    966.4304092178
15559.2369477912    15917.6706827309    14139.5582329317    15205.4886211513    542.9163164439
11174.6987951807    10392.5702811245    7108.4337349398 9558.5676037483 1245.6990319277
6268.0722891566 11686.7469879518    12819.2771084337    10258.0321285141    2021.5910201467
13838.3534136546    15912.6506024096    14191.7670682731    14647.5903614458    640.7049145975
13898.59437751  11226.9076305221    16037.1485943775    13720.8835341365    1391.436953953
15005.0200803213    6047.1887550201 3299.1967871486 8117.1352074967 3534.1233462646
6275.1004016064 13919.6787148594    15839.3574297189    12011.3788487282    2921.1846574781
12253.0120481928    13935.7429718876    15958.8353413655    14049.1967871486    1071.2820039876
15790.1606425703    13937.7510040161    9220.8835341366 12982.9317269076    1955.5570664819
10183.734939759 7495.983935743  12753.0120481928    10144.2436412316    1517.701751088
11649.5983935743    11491.9678714859    14630.5220883534    12590.6961178046    1020.9275746378
15848.3935742972    15709.8393574297    14179.718875502 15245.983935743 534.6307765711
12847.3895582329    9207.8313253012 6096.3855421687 9383.8688085676 1950.8336425628
6135.5421686747 12711.8473895582    15931.7269076305    11593.0388219545    2882.7133235978
15861.4457831325    15906.6265060241    15964.859437751 15910.9772423025    29.9321046705
15834.3373493976    12980.9236947791    9371.4859437751 12728.9156626506    1869.9147136507
10815.2610441767    6030.1204819277 9268.0722891566 8704.484605087  1409.8009148276
9025.1004016064 15924.6987951807    15833.3333333333    13594.3775100402    2284.7907914546
14462.8514056225    15910.6425702811    15862.4497991968    15411.9812583668    474.7688012159
15863.453815261 9523.0923694779 5772.0883534137 10386.2115127175    2944.9190827996
6026.1044176707 12199.7991967871    15860.4417670683    11362.1151271754    2869.6593134494
15632.5301204819    12928.7148594378    14573.2931726908    14378.1793842035    786.5973735669
15812.2489959839    15822.2891566265    13603.4136546185    15079.3172690763    737.957498908
12666.6666666667    5759.0361445783 5976.9076305221 8134.203480589  2267.1041658144
5588.3534136546 15959.8393574297    15877.5100401606    12475.234270415 3443.5224446551
15857.4297188755    15893.5742971888    15865.4618473896    15872.1552878179    10.9576342328
15822.2891566265    12291.1646586345    8167.6706827309 12093.7081659973    2211.9024839181
10332.3293172691    6102.4096385542 10534.1365461847    8989.625167336  1444.7827600992
8201.8072289157 15916.6666666667    15384.5381526104    13167.6706827309    2487.6789764974
15561.2449799197    15643.5742971888    14919.6787148594    15374.8326639893    228.814602664
15564.2570281125    8226.9076305221 5870.4819277109 9887.2155287818 2918.8916653449
7409.6385542169 13276.1044176707    15474.8995983936    12053.547523427 2407.148586151
13780.1204819277    13030.1204819277    15859.437751004 14223.2262382865    846.2694775232
15853.4136546185    15588.3534136546    12704.8192771084    14715.5287817938    1008.2623281351
12490.9638554217    5515.0602409639 5479.9196787149 7828.6479250335 2331.1800367227
5554.2168674699 15727.9116465863    15833.3333333333    12371.8206157965    3408.9377174768
15780.1204819277    15928.7148594378    15838.3534136546    15849.06291834  43.228433447
15755.0200803213    14220.8835341365    12779.1164658635    14251.6733601071    859.2073072845
14780.1204819277    7047.1887550201 8422.6907630522 10083.3333333333    2381.7261655451
6318.2730923695 12559.2369477912    12567.2690763052    10481.593038822 2081.6612645648
12641.5662650602    15912.6506024096    15846.3855421687    14800.2008032129    1079.4867710369
15863.453815261 11725.9036144578    10453.8152610442    12681.0575635877    1633.0224148004
12462.8514056225    9328.3132530121 10697.7911646586    10829.6519410977    907.2619625031
8700.8032128514 15920.6827309237    15849.3975903614    13490.2945113789    2394.8340629237
15846.3855421687    12681.7269076305    15880.5220883534    14802.8781793842    1060.6214159936
15861.4457831325    9217.8714859438 5408.6345381526 10162.6506024096    3054.2195628877
7437.7510040161 11913.6546184739    11822.2891566265    10391.2315930388    1476.975807092
9886.546184739  15904.6184738956    15864.4578313253    13885.2074966533    1999.3642685325
15852.4096385542    15887.5502008032    15853.4136546185    15864.4578313253    11.5498219054
15870.4819277108    5188.7550200803 5276.1044176707 8778.4471218206 3546.1070554099
6290.1606425703 15807.2289156627    15691.7670682731    12596.3855421687    3153.2886125856
14555.2208835341    12130.5220883534    15863.453815261 14183.0655957162    1093.5522374547
13652.6104417671    15850.4016064257    12187.7510040161    13896.9210174029    1064.3492694065
14531.124497992 5151.6064257028 5014.0562248996 8232.2623828648 3149.6813581416
5617.4698795181 15913.6546184739    15775.1004016064    12435.4082998661    3409.203843788
15353.4136546185    15921.686746988 15843.3734939759    15706.1579651941    177.8151220434
15808.2329317269    14474.8995983936    15368.4738955823    15217.2021419009    392.2613083311
15867.4698795181    6138.5542168675 5513.0522088353 9173.0254350736 3352.0890503947
5076.3052208835 12361.4457831325    15829.3172690763    11089.0227576975    3168.6544091506
14784.1365461847    15680.7228915663    12081.3253012048    14182.0615796519    1081.7865550975
12538.1526104418    14179.718875502 15469.8795180723    14062.5836680054    848.3407644451
14873.4939759036    6741.967871486  5335.3413654619 8983.6010709505 2972.8089049318
4901.6064257028 15911.6465863454    15888.5542168675    12233.9357429719    3666.1707192039
15801.2048192771    15892.5702811245    15617.4698795181    15770.4149933066    80.8930730007
15764.0562248996    10191.7670682731    11924.6987951807    12626.8406961178    1646.4460764581
15209.8393574297    6493.9759036145 8825.3012048193 10176.3721552878    2605.1624051287
5550.2008032129 15887.5502008032    11984.9397590361    11140.8969210174    3013.8294784915
11996.9879518072    15903.6144578313    15864.4578313253    14588.3534136546    1295.7320360825
15811.2449799197    10575.3012048193    12549.1967871486    12978.5809906292    1526.6581040137
15809.2369477912    10237.9518072289    8185.7429718876 11410.9772423025    2277.5283828204
4877.5100401607 15885.5421686747    15876.5060240964    12213.1860776439    3667.8389463078
15793.1726907631    15893.5742971888    15885.5421686747    15857.4297188755    32.2120734016
15819.2771084337    7194.7791164659 9454.8192771084 10822.9585006693    2581.9466238124
12886.546184739 9890.562248996  11110.4417670683    11295.8500669344    869.8203098058
6772.0883534137 15927.7108433735    11778.1124497992    11492.6372155288    2646.852084817
12658.6345381526    15878.5140562249    15824.297188755 14787.1485943775    1064.3721048643
15810.2409638554    7604.4176706827 11011.0441767068    11475.234270415 2380.1602405452
14471.8875502008    13086.3453815261    9672.6907630522 12410.3078982597    1426.0484399826
6134.5381526105 15832.3293172691    15797.1887550201    12588.0187416332    3226.7562401194
15806.2248995984    15910.6425702811    15847.3895582329    15854.7523427042    30.3667605235
15824.297188755 4858.4337349398 8408.6345381526 9697.1218206158 3230.4638433581
11922.6907630522    11715.8634538153    9144.578313253  10927.7108433735    893.5632040585
4911.6465863454 15919.6787148594    14791.1646586345    11874.1633199465    3496.468000856
15454.8192771084    15765.0602409639    15824.297188755 15681.3922356091    114.5698231629
15811.2449799197    6327.3092369478 10330.3212851406    10822.9585006693    2748.8347751849
13942.7710843373    14216.8674698795    10188.7550200803    12782.7978580991    1299.4326827824
6592.3694779117 15860.4417670683    15811.2449799197    12754.6854082999    3081.1906951915
15815.2610441767    14801.2048192771    15851.40562249  15489.2904953146    344.2010220842
15790.1606425703    5143.5742971888 8150.6024096386 9694.7791164659 3168.9015698844
11767.0682730924    11961.8473895582    12102.4096385542    11943.7751004016    97.2255343244
8490.9638554217 15650.6024096386    11056.2248995984    11732.5970548862    2094.2950704309
11399.5983935743    15909.6385542169    15851.40562249  14386.8808567604    1493.7358261229
15818.2730923695    6730.9236947791 11350.4016064257    11299.8661311914    2623.4134979809
14720.8835341365    13785.140562249 9080.3212851406 12528.781793842 1745.2615503523
5619.4779116466 15884.5381526104    15772.0883534137    12425.3681392236    3403.0999388649
15921.686746988 15875.5020080321    15855.421686747 15884.203480589 19.6176049394
15935.7429718876    4869.4779116466 9721.8875502008 10175.702811245 3202.60398292
12944.7791164659    10515.0602409639    10863.453815261 11441.0977242303    758.5375880973
7742.9718875502 15902.6104417671    11510.0401606426    11718.5408299866    2357.790613456
11638.5542168675    15891.5662650602    15840.3614457831    14456.8273092369    1409.2140718334
15942.7710843374    8068.2730923695 12538.1526104418    12183.0655957162    2280.0946433132
15412.6506024096    12513.0522088353    7987.9518072289 11971.218206158 2160.3800679998
5132.5301204819 15914.6586345382    15843.3734939759    12296.8540829987    3582.2210881302
15933.734939759 15746.9879518072    15751.0040160643    15810.5756358768    61.5905641923
15947.7911646586    6619.4779116466 11237.9518072289    11268.406961178 2692.8951380674
13758.0321285141    9433.734939759  9206.827309237  10799.53145917  1480.6998824969
6554.2168674699 15577.3092369478    15864.4578313253    12665.327978581 3056.6797257849
15826.3052208835    15902.6104417671    10699.7991967872    14142.9049531459    1721.693793796
11024.0963855422    9838.3534136546 15329.3172690763    12063.922356091 1668.1925900165
15821.2851405623    10454.8192771084    4860.4417670683 10378.8487282463    3164.3509343828
4424.6987951807 15900.6024096386    15854.4176706827    12059.906291834 3817.6270288947
15856.4257028112    15934.7389558233    15842.3694779116    15877.8447121821    28.7350574748
15857.4297188755    8738.9558232932 14446.7871485944    13014.390896921 2176.1576931891
15771.0843373494    11685.7429718876    5731.9277108434 11062.9183400268    2914.7383721596
4503.0120481928 12948.7951807229    15837.3493975904    11096.3855421687    3400.5081428734
15819.2771084337    13408.6345381526    15866.4658634538    15031.4591700134    811.5266547236
15797.1887550201    13025.1004016064    11222.8915662651    13348.3935742972    1330.3430070718
10711.8473895582    7180.7228915663 4504.016064257  7465.5287817938 1797.6955839054
5501.0040160643 15817.2690763052    15813.2530120482    12377.1753681392    3438.0858715045
14655.6224899598    15925.702811245 15590.3614457831    15390.562248996 380.0069275274
15835.3413654618    12263.0522088353    15874.4979919679    14657.6305220884    1197.342513524
15517.0682730924    7666.6666666667 4455.8232931727 9213.1860776439 3285.4008808082
5322.2891566265 15922.6907630522    15857.4297188755    12367.4698795181    3522.6407383583
14839.3574297189    15453.8152610442    15839.3574297189    15377.5100401606    291.1854306397
15814.2570281125    11012.0481927711    15676.7068273092    14167.6706827309    1578.3108047097
15823.2931726908    4270.0803212851 4451.8072289157 8181.7269076305 3821.1432584468
4990.9638554217 15909.6385542169    10888.5542168675    10596.3855421687    3155.3333788674
11456.8273092369    15899.5983935743    15609.437751004 14321.9544846051    1435.0102900791
14188.7550200803    15765.0602409639    15817.2690763052    15257.0281124498    534.349133848
15817.2690763052    4290.1606425703 6654.6184738956 8920.6827309237 3515.1976058019
10085.3413654618    15873.4939759036    13648.59437751  13202.4765729585    1685.718786561
10038.1526104418    15904.6184738956    15860.4417670683    13934.4042838019    1948.167576808
15783.1325301205    15900.6024096386    15842.3694779116    15842.0348058902    33.9110461478
15805.2208835341    4320.281124498  6389.5582329317 8838.3534136546 3534.2801574965
10115.4618473896    10261.0441767068    13858.4337349398    11411.6465863454    1224.1151997187
10136.546184739 15866.4658634538    15867.4698795181    13956.827309237 1910.140584238
15809.2369477912    15902.6104417671    10535.140562249 14082.3293172691    1773.7991900767
10425.702811245 6186.7469879518 11480.9236947791    9364.4578313253 1617.7924703467
15418.6746987952    13901.6064257028    8665.6626506024 12661.9812583668    2045.5884114666
4647.5903614458 15883.5341365462    15853.4136546185    12128.1793842035    3740.3046180051
15811.2449799197    15903.6144578313    15846.3855421687    15853.7483266399    26.9177020985
15796.1847389558    5998.9959839358 11639.5582329317    11144.9129852744    2838.9981986695
15734.9397590361    14196.7871485944    8447.7911646586 12793.1726907631    2217.5988379934
4359.437751004  14716.8674698795    15862.4497991968    11646.2516733601    3658.3845511643
14832.3293172691    10457.8313253012    15270.0803212851    13520.0803212851    1536.3303866067
15791.1646586345    12442.7710843374    12542.1686746988    13592.0348058902    1099.9392486506
15780.1204819277    7788.1526104418 2291.1646586345 8619.812583668  3916.0663100442
3016.0642570281 15902.6104417671    15580.3212851406    11499.6653279786    4242.8207175335
11476.9076305221    15805.2208835341    15833.3333333333    14371.8206157965    1447.4792424178
15756.0240963855    12534.1365461847    15758.0321285141    14682.7309236948    1074.2973451438
15828.313253012 7228.9156626506 3944.7791164659 9000.6693440428 3543.0179802093
7295.1807228916 15882.5301204819    15816.265060241 12997.9919678715    2851.4697868792
12464.859437751 15884.5381526104    15846.3855421687    14731.9277108434    1133.5876413063
15822.2891566265    13104.4176706827    15868.4738955823    14931.7269076305    913.7518888451
15765.0602409639    1340.3614457831 4292.1686746988 7132.5301204819 4399.5728463091
8128.5140562249 15319.2771084337    15642.5702811245    13030.1204819277    2452.5795116738
11913.6546184739    15885.5421686747    10614.4578313253    12804.5515394913    1585.49209141
12374.4979919679    15918.6746987952    15826.3052208835    14706.4926372155    1166.3021762834
12875.5020080321    4339.3574297189 9285.140562249  8833.3333333333 2474.5059031749
15162.6506024096    15740.9638554217    10776.1044176707    13893.2396251673    1567.4831717346
4588.3534136546 15947.7911646586    15813.2530120482    12116.4658634538    3764.2565853585
15822.2891566265    15925.702811245 15789.156626506 15845.7161981258    41.1211010178
15840.3614457831    4406.6265060241 9927.7108433735 10058.2329317269    3301.2800890881
15836.3453815261    15592.3694779116    10048.1927710843    13825.6358768407    1890.0342477766
4201.8072289157 10078.313253012 15813.2530120482    10031.124497992 3352.0187140293
15808.2329317269    15844.3775100402    15846.3855421687    15832.9986613119    12.3964251522
15828.313253012 10624.4979919679    10399.5983935743    12284.1365461847    1773.2772253892
11577.3092369478    9412.6506024096 4098.3935742972 8362.7844712182 2221.8767624336
5330.3212851406 15869.4779116466    15849.3975903614    12349.7322623829    3509.7102755735
13426.7068273092    15928.7148594378    15667.6706827309    15007.6974564926    794.0790352609
15826.3052208835    11325.3012048193    15831.3253012048    14327.6439089692    1501.1720515621
15857.4297188755    8735.9437751004 4142.5702811245 9578.6479250335 3407.9366007797
7284.1365461847 15880.5220883534    15826.3052208835    12996.9879518072    2856.4685805041
12737.9518072289    15915.6626506024    15829.3172690763    14827.6439089692    1045.143322115
15810.2409638554    10533.1325301205    15843.3734939759    14062.2489959839    1764.584154351
15837.3493975904    3806.2248995984 4241.967871486  7961.8473895582 3939.7595905197
8238.9558232932 15876.5060240964    15841.3654618474    13318.9424364123    2540.0135634074
11677.7108433735    15903.6144578313    10452.8112449799    12678.0455153949    1651.0921646337
10430.7228915663    15836.3453815261    15839.3574297189    14035.4752342704    1802.3763810853
15815.2610441767    4093.3734939759 8788.1526104418 9565.5957161981 3406.0717976336
14655.6224899598    15665.6626506024    10941.7670682731    13754.3507362784    1436.2004791202
5358.4337349398 15907.6305220884    15826.3052208835    12364.1231593039    3502.9233831254
15837.3493975904    15912.6506024096    15853.4136546185    15867.8045515395    22.8975347833
15804.2168674699    4252.0080321285 10080.3212851406    10045.515394913 3334.8808490125
15819.2771084337    15632.5301204819    9796.1847389558 13749.3306559572    1977.3079839524
4188.7550200803 10422.6907630522    15765.0602409639    10125.5020080321    3345.093496892
15847.3895582329    15907.6305220884    15867.4698795181    15874.1633199465    17.7091787889
15824.297188755 10128.5140562249    10262.0481927711    12071.6198125837    1876.7346161731
10296.1847389558    9797.1887550201 4094.3775100402 8062.5836680054 1989.3252065362
6570.281124498  15905.6224899598    15752.0080321285    12742.6372155288    3086.496618945
13304.2168674699    15925.702811245 15838.3534136546    15022.7576974565    859.6403157839
15837.3493975904    11161.6465863454    15837.3493975904    14278.781793842 1558.5676037483
15821.2851405623    8785.140562249  4068.2730923695 9558.2329317269 3414.7511822508
7923.6947791165 15756.0240963855    15821.2851405623    13167.0013386881    2621.7209684485
11980.9236947791    15900.6024096386    15689.7590361446    14523.7617135208    1272.8750428597
15797.1887550201    10359.437751004 15837.3493975904    13997.9919678715    1819.3140475754
15840.3614457831    3694.7791164659 4369.4779116466 7968.2061579652 3940.8935650304
9231.9277108434 15908.6345381526    13984.9397590361    13041.8340026774    1984.2454372059
10597.3895582329    15872.4899598394    12116.4658634538    12862.1151271754    1567.7654671669
10414.6586345382    15850.4016064257    15858.4337349398    14041.1646586345    1813.2544945372
15840.3614457831    4180.7228915663 10702.8112449799    10241.2985274431    3373.748572685
15849.3975903614    14877.5100401606    9286.1445783133 13337.6840696118    2045.1055832338
4040.1606425703 15224.8995983936    15851.40562249  11705.4886211513    3836.9287724242
15856.4257028112    15669.6787148594    15831.3253012048    15785.8099062918    58.5159458548
15846.3855421687    6835.3413654619 11931.7269076305    11537.8179384204    2608.7099299372
15827.3092369478    13061.2449799197    7983.9357429719 12290.8299866131    2296.720951555
4066.265060241  10758.0321285141    15824.297188755 10216.1981258367    3405.0461547844
15864.4578313253    15448.7951807229    15834.3373493976    15715.8634538153    133.8169243498
15848.3935742972    13734.9397590361    9922.6907630522 13168.6746987952    1733.8762490094
10155.6224899598    6115.4618473896 4263.0522088353 6844.7121820616 1739.6791531259
8932.7309236948 15849.3975903614    15413.6546184739    13398.59437751  2236.4719444905
10634.5381526104    15729.9196787149    15809.2369477912    14057.8982597055    1711.8331912924
15836.3453815261    15433.734939759 15882.5301204819    15717.5368139224    142.525886961
15840.3614457831    4523.0923694779 5238.9558232932 8534.1365461847 3658.9528025452
10884.5381526104    15813.2530120482    14635.5421686747    13777.7777777778    1486.0324530024
9031.124497992  15869.4779116466    15618.4738955823    13506.358768407 2238.7900069266
15820.281124498 14171.686746988 15860.4417670683    15284.1365461847    556.3457067036
15827.3092369478    2537.1485943775 7037.1485943775 8467.2021419009 3902.600942018
12554.2168674699    13458.8353413655    12796.1847389558    12936.4123159304    270.3895189268
6806.2248995984 15875.5020080321    10073.2931726908    10918.3400267738    2651.950537283
9986.9477911647 15906.6265060241    15831.3253012048    13908.2998661312    1960.796533703
15728.9156626506    8016.0642570281 14605.421686747 12783.4672021419    2405.6639976857
15825.3012048193    11808.2329317269    5240.9638554217 10958.1659973226    3084.8560002151
4803.2128514056 15894.578313253 15858.4337349398    12185.4082998661    3691.1124717393
15050.2008032129    15868.4738955823    15838.3534136546    15585.6760374833    267.8787696861
15839.3574297189    9653.6144578313 15836.3453815261    13776.4390896921    2061.4124993086
15837.3493975904    10105.421686747 4058.2329317269 10000.3346720214    3400.7439695647
6396.5863453815 14569.2771084337    15864.4578313253    12276.7737617135    2963.7716013344
13577.3092369478    11937.7510040161    15844.3775100402    13786.4792503347    1132.5850571838
15855.421686747 15862.4497991968    10220.8835341365    13979.5850066934    1879.3518313896
10566.265060241 3823.2931726908 7799.1967871486 7396.2516733601 1956.9271015734
13196.7871485944    15890.562248996 12060.2409638554    13715.8634538153    1135.76999503
6382.5301204819 15921.686746988 15852.4096385542    12718.875502008 3168.2358090336
15823.2931726908    15880.5220883534    15864.4578313253    15856.0910307898    17.0420040917
15875.5020080321    3993.9759036145 9519.0763052209 9796.1847389558 3432.6985232965
15325.3012048193    15874.4979919679    10316.265060241 13838.688085676 1768.3327604781
4352.4096385542 15752.0080321285    15850.4016064257    11984.9397590361    3816.3707608981
15754.016064257 15847.3895582329    15823.2931726908    15808.2329317269    27.9866663951
15823.2931726908    4490.9638554217 11294.1767068273    10536.1445783133    3293.2446750712
14993.9759036145    9940.7630522088 8505.0200803213 11146.5863453815    1967.8367378021
3732.9317269076 15904.6184738956    10132.5301204819    9923.3601070951 3515.2194638731
9839.3574297189 15657.6305220884    15813.2530120482    13770.0803212851    1965.8748203245
14784.1365461847    11866.4658634538    15833.3333333333    14161.311914324 1186.7241005441
15793.1726907631    7910.6425702811 4010.0401606426 9237.9518072289 3465.6344014462
11815.2610441767    15822.2891566265    15611.4457831325    14416.3319946452    1301.9589470058
7917.6706827309 15926.7068273092    15709.8393574297    13184.7389558233    2634.2781440042
15816.265060241 13848.3935742972    15798.1927710843    15154.2838018742    652.965955409
15802.2088353414    5921.686746988  5595.3815261044 9106.4257028113 3349.2164552673
13962.8514056225    15901.6064257028    14243.9759036145    14702.8112449799    604.8664204699
5695.7831325301 9918.6746987952 15780.1204819277    10464.859437751 2923.8788889028
15845.3815261044    15906.6265060241    11147.5903614458    14299.8661311914    1576.2370415313
15787.1485943775    5780.1204819277 12302.2088353414    11289.8259705489    2932.7940153566
9661.6465863454 14144.578313253 6361.4457831325 10055.890227577 2255.4274562962
6553.2128514056 15878.5140562249    15826.3052208835    12752.6773761714    3099.7689019234
13149.5983935743    15856.4257028112    15840.3614457831    14948.7951807229    899.6103460671
15842.3694779116    7591.3654618474 15368.4738955823    12934.0696117805    2674.8526427339
15857.4297188755    12212.8514056225    4562.2489959839 10877.5100401606    3328.2943235453
8637.5502008032 15906.6265060241    15817.2690763052    13453.8152610442    2408.2706821448
11171.686746988 15913.6546184739    15834.3373493976    14306.5595716198    1567.6036411516
15833.3333333333    9470.8835341366 15830.3212851406    13711.5127175368    2120.3147699841
15369.4779116466    4428.7148594378 3903.6144578313 7900.6024096386 3737.5129233361
11197.7911646586    15162.6506024096    13313.2530120482    13224.5649263722    1145.4150299763
8521.0843373494 15916.6666666667    12535.140562249 12324.297188755 2137.5219837885
9776.1044176707 15904.6184738956    15806.2248995984    13828.9825970549    2026.6381420604
15828.313253012 3841.3654618474 9528.1124497992 9732.5970548862 3461.8439114782
15767.0682730924    15877.5100401606    10267.0682730924    13970.5488621151    1852.0147318465
4071.2851405623 15937.7510040161    15865.4618473896    11958.1659973226    3943.4956433386
15592.3694779116    15912.6506024096    15830.3212851406    15778.4471218206    96.0263788281
15804.2168674699    4229.9196787149 11628.5140562249    10554.2168674699    3384.1136057926
15868.4738955823    15541.1646586345    8141.5662650603 13183.734939759 2522.8543056251
5987.9518072289 15915.6626506024    15511.0441767068    12471.5528781794    3243.904086271
13743.9759036145    9812.2489959839 15832.3293172691    13129.5180722892    1764.7956055909
15552.2088353414    12386.546184739 10192.7710843373    12710.5087014726    1555.5928168931
12079.3172690763    7318.2730923695 4173.6947791165 7857.0950468541 2298.0037396558
12233.9357429719    15888.5542168675    15584.3373493976    14568.9424364123    1170.8016013857
5227.9116465864 15893.5742971888    15816.265060241 12312.5836680054    3542.4063110564
15831.3253012048    14491.9678714859    15778.1124497992    15367.1352074967    437.8532103357
15825.3012048193    5173.6947791165 6292.1686746988 9097.0548862115 3379.5818211069
15829.3172690763    15908.6345381526    13474.8995983936    15070.9504685408    798.3538464379
3831.3253012048 15864.4578313253    15847.3895582329    11847.7242302544    4008.202492961
15843.3734939759    15896.5863453815    15832.3293172691    15857.4297188755    19.8362001509
15823.2931726908    3822.2891566265 8536.1445783133 9393.9089692102 3490.8377295007
15848.3935742972    10101.40562249  11176.7068273092    12375.5020080321    1763.9727930203
4098.3935742972 15920.6827309237    9851.40562249   9956.827309237  3413.207949752
14983.9357429719    15852.4096385542    15787.1485943775    15541.1646586345    279.2506635681
10553.2128514056    8829.3172690763 15836.3453815261    11739.625167336 2107.944605511
15788.1526104418    10773.0923694779    3866.4658634538 10142.5702811245    3455.9042377383
11472.8915662651    15909.6385542169    15845.3815261044    14409.3038821954    1468.3233304551
8289.156626506  15937.7510040161    15859.437751004 13362.1151271754    2536.5799943713
15841.3654618474    11090.3614457831    15855.421686747 14262.3828647925    1586.0159001258
15774.0963855422    8690.7630522088 4039.156626506  9501.3386880857 3411.7433194366
13802.2088353414    15941.7670682731    15583.3333333333    15109.1030789826    661.5885198099
5906.6265060241 13463.8554216867    15861.4457831325    11743.9759036145    2999.616413115
15830.3212851406    12154.6184738956    15805.2208835341    14596.7202141901    1221.072368863
15815.2610441767    4114.4578313253 5877.5100401607 8602.4096385542 3642.1608660456
10483.9357429719    15622.4899598394    7729.9196787149 11278.781793842 2312.790637164
5672.6907630522 15888.5542168675    15817.2690763052    12459.5046854083    3393.4693557543
14129.5180722892    15933.734939759 15845.3815261044    15302.8781793842    587.2342057242
15943.7751004016    5522.0883534137 14364.4578313253    11943.4404283802    3242.8836248062
15908.6345381526    14153.6144578313    5419.6787148594 11827.3092369478    3243.6255718605
7782.1285140562 15888.5542168675    15818.2730923695    13162.9852744311    2690.5048761567
12017.0682730924    15685.7429718876    15599.3975903614    14434.0696117805    1208.7576934802
15611.4457831325    8052.2088353414 15814.2570281125    13159.3038821954    2554.21859959
15926.7068273092    11643.5742971888    3872.4899598394 10480.9236947791    3527.9764450018
10261.0441767068    10046.1847389558    15853.4136546185    12053.547523427 1900.9452127586
9634.5381526104 15901.6064257028    9635.5421686747 11723.8955823293    2088.8554417944
10318.2730923695    15828.313253012 15750   13965.5287817938    1823.7679667315
15655.6224899598    3791.1646586345 9939.7590361446 9795.515394913  3425.733234353
15937.7510040161    15931.7269076305    9882.5301204819 13917.3360107095    2017.403694628
4006.0240963856 15913.6546184739    15882.5301204819    11934.0696117805    3964.0329402526
15931.7269076305    15906.6265060241    15726.9076305221    15855.0870147256    64.4979933571
15950.8032128514    3841.3654618474 12349.3975903614    10713.8554216867    3590.072854437
15935.7429718876    15799.1967871486    7328.3132530121 13021.0843373494    2846.658460906
4238.9558232932 15917.6706827309    15849.3975903614    12002.0080321285    3881.5761404191
15725.9036144578    12802.2088353414    15845.3815261044    14791.1646586345    995.0758251011
15891.5662650602    8124.4979919679 12551.2048192771    12189.0896921017    2249.4579283105
15948.7951807229    9040.1606425703 2236.9477911647 9075.3012048193 3958.3083867131
6213.8554216868 15933.734939759 14895.5823293173    12347.7242302544    3081.5418289757
7735.9437751004 15928.7148594378    15810.2409638554    13158.2998661312    2711.3937498046
15952.8112449799    12937.7510040161    15837.3493975904    14909.3038821954    986.3397695763
15896.5863453815    6856.4257028113 7293.1726907631 10015.3949129853    2943.2972712725
14230.9236947791    15890.562248996 12422.6907630522    14181.3922356091    1001.3945584103
5694.7791164659 15943.7751004016    15850.4016064257    12496.3186077644    3400.8765654909
15917.6706827309    15152.6104417671    15870.4819277108    15646.9210174029    247.5304045561
15936.7469879518    4144.578313253  9805.2208835341 9962.1820615797 3405.0104317852
15903.6144578313    15923.6947791165    9832.3293172691 13886.546184739 2027.1167217819
3865.4618473896 10275.1004016064    15860.4417670683    10000.3346720214    3465.376745896
15722.8915662651    15892.5702811245    9691.7670682731 13769.0763052209    2039.2429703891
10080.3212851406    7715.8634538153 15882.5301204819    11226.2382864793    2426.1392816283
15942.7710843374    11926.7068273092    3932.7309236948 10600.7362784471    3529.8212696679
8697.7911646586 15923.6947791165    15594.3775100402    13405.2878179384    2355.6673521112
11166.6666666667    15676.7068273092    15544.1767068273    14129.1834002677    1481.752352887
15665.6626506024    10331.3253012048    15851.40562249  13949.4645247657    1809.8640550885
15941.7670682731    9422.6907630522 5631.5261044177 10331.9946452477    3010.8355620892
11117.4698795181    15900.6024096386    14173.6947791165    13730.5890227577    1398.4331986981
8510.0401606426 15890.562248996 15804.2168674699    13401.6064257028    2445.9101424851
15909.6385542169    12564.2570281124    15725.9036144578    14733.2663989291    1085.8009133108
15948.7951807229    1715.8634538153 8201.8072289157 8622.1552878179 4114.0655380321
13578.313253012 15651.6064257028    5983.9357429719 11737.9518072289    2938.602944472
1169.6787148594 15902.6104417671    15840.3614457831    10970.8835341365    4900.6353556262
15182.7309236948    15890.562248996 15896.5863453815    15656.6265060241    236.9541725368
15930.7228915663    4779.1164658635 15819.2771084337    12176.3721552878    3698.7677606506
15939.7590361446    14892.5702811245    3790.1606425703 11540.8299866131    3887.1072162846
5692.7710843374 15885.5421686747    15853.4136546185    12477.2423025435    3392.248288051
14233.9357429719    15907.6305220884    15853.4136546185    15331.6599732262    549.0852184756
15845.3815261044    7279.1164658635 15781.124497992 12968.5408299866    2844.7726586217
15905.6224899598    12395.5823293173    4002.0080321285 10767.7376171352    3531.3556459905
7976.9076305221 15924.6987951807    15715.8634538153    13205.8232931727    2615.1527874604
11905.6224899598    9866.4658634538 15829.3172690763    12533.8018741633    1749.7481938303
15933.734939759 15780.1204819277    10334.3373493976    14016.0642570281    1841.3974871631
10319.2771084337    3948.7951807229 11248.9959839357    8505.6894243641 2294.1997993247
15784.1365461847    15905.6224899598    8414.6586345382 13368.1392235609    2476.9885727097
4144.578313253  15962.8514056225    15826.3052208835    11977.9116465863    3916.865011225
15958.8353413655    15907.6305220884    15853.4136546185    15906.6265060241    30.4367598217
15937.7510040161    3728.9156626506 13916.6666666667    11194.4444444444    3778.0852941013
15933.734939759 15974.8995983936    5801.2048192771 12569.9464524766    3384.3916787234
3736.9477911647 15950.8032128514    15830.3212851406    11839.3574297189    4051.3541125953
15958.8353413655    15968.875502008 15818.2730923695    15915.327978581 48.6139191644
15951.8072289157    4598.3935742972 15397.5903614458    11982.5970548862    3695.5664818854
15928.7148594378    10017.0682730924    3842.3694779117 9929.3842034806 3489.3028215979
4690.7630522088 15360.4417670683    9843.3734939759 9964.859437751  3080.6698457469
9501.0040160643 15678.7148594378    15590.3614457831    13590.0267737617    2044.6704637628
15670.6827309237    12980.9236947791    15875.5020080321    14842.3694779116    932.5990629642
15901.6064257028    6724.8995983936 9943.7751004016 10856.7603748327    2688.1309263806
12921.686746988 15953.8152610442    9816.265060241  12897.2556894244    1771.8002402712
6797.1887550201 15954.8192771084    15858.4337349398    12870.1472556894    3036.6067277102
15964.859437751 15331.3253012048    15745.983935743 15680.7228915663    185.7737229872
15951.8072289157    4223.8955823293 12565.2610441767    10913.6546184739    3484.8161470682
15403.6144578313    15959.8393574297    7138.5542168675 12834.0026773762    2852.2474418995
4324.297188755  15955.8232931727    15835.3413654618    12038.4872824632    3857.2518531171
15958.8353413655    10314.2570281125    15847.3895582329    14040.1606425703    1863.229575121
15972.8915662651    7602.4096385542 10235.9437751004    11270.4149933066    2471.0888255657
10232.9317269076    12096.3855421687    5090.3614457831 9139.8929049532 2095.0054740985
7511.0441767068 15957.8313253012    14538.1526104418    12669.0093708166    2611.3422870938
12416.6666666667    15935.7429718876    15863.453815261 14738.6211512718    1161.1647746946
15926.7068273092    10048.1927710843    15846.3855421687    13940.4283801874    1946.2559273975
15969.8795180723    9643.5742971888 7678.7148594378 11097.3895582329    2501.4020707783
9589.3574297189 15931.7269076305    11831.3253012048    12450.8032128514    1856.8995046268
10246.9879518072    15960.843373494 15846.3855421687    14018.0722891566    1885.8316430989
15964.859437751 12519.0763052209    15839.3574297189    14774.4310575636    1128.2592022952
15950.8032128514    7221.8875502008 10423.6947791165    11198.7951807229    2549.4494592522
11831.3253012048    13375.5020080321    9247.9919678715 11484.9397590361    1204.0310060756
8032.1285140562 12888.5542168675    9877.5100401607 10266.0642570281    1415.3266332447
9925.702811245  15955.8232931727    15643.5742971888    13841.7001338688    1960.0723738314
15906.6265060241    4440.7630522088 15860.4417670683    12069.2771084337    3814.2803291073
15952.8112449799    15234.9397590361    4073.2931726908 11753.6813922356    3845.7815534156
4302.2088353414 15960.843373494 15532.1285140562    11931.7269076305    3816.7660228356
15494.9799196787    15956.8273092369    15858.4337349398    15770.0803212851    140.4522422851
15948.7951807229    6940.7630522088 15785.140562249 12891.5662650602    2975.7766418813
15935.7429718876    12783.1325301205    6153.6144578313 11624.1633199465    2882.7022501452
6762.0481927711 15969.8795180723    13592.3694779116    12108.0990629183    2759.730266253
13082.3293172691    15973.8955823293    15568.2730923695    14874.8326639893    903.8682771091
15607.4297188755    9408.6345381526 15846.3855421687    13620.8165997323    2107.2203856654
15995.983935743 4291.1646586345 9005.0200803213 9764.0562248996 3400.1372756123
9284.1365461847 15935.7429718876    5009.0361445783 10076.3052208835    3179.0396311555
4609.437751004  15918.6746987952    15852.4096385542    12126.8406961178    3758.7501488286
15869.4779116466    15921.686746988 15670.6827309237    15820.6157965194    76.4665149834
15921.686746988 3653.6144578313 15845.3815261044    11806.8942436412    4076.699403151
15947.7911646586    15934.7389558233    3847.3895582329 11909.9732262383    4031.2935948125
3867.4698795181 15984.9397590361    15809.2369477912    11887.2155287818    4010.1935979299
15987.9518072289    15888.5542168675    15871.4859437751    15915.9973226238    36.3130710061
15947.7911646586    4544.1767068273 15855.421686747 12115.796519411 3785.9038097415
15949.7991967872    15136.546184739 4396.5863453815 11827.6439089692    3722.9382437539
4190.7630522088 15967.8714859438    15237.9518072289    11798.8621151272    3809.8807591895
15682.7309236948    10110.4417670683    12033.1325301205    12608.7684069612    1634.1276070424
10077.3092369478    12835.3413654618    13790.1606425703    12234.2704149933    1113.1458583194
15814.2570281125    6772.0883534137 12995.983935743 11860.7764390897    2671.2497468894
12375.5020080321    15955.8232931727    6715.8634538153 11682.3962516734    2689.7652407077
7479.9196787149 15931.7269076305    15795.1807228916    13068.9424364123    2794.7893632429
15991.9678714859    15457.8313253012    15851.40562249  15767.0682730924    159.8541563114
16010.0401606426    4232.9317269076 15853.4136546185    12032.1285140562    3899.8605043044
14575.3012048193    15947.7911646586    3904.6184738956 11475.9036144578    3806.3193587436
5266.0642570281 15915.6626506024    15827.3092369478    12336.3453815261    3535.2325697188
15956.8273092369    15946.7871485944    15852.4096385542    15918.6746987952    33.2590582297
15921.686746988 3829.3172690763 15857.4297188755    11869.4779116466    4020.1231162809
15954.8192771084    10373.4939759036    3931.7269076305 10086.6800535475    3473.7292257166
1611.4457831325 15726.9076305221    10033.1325301205    9123.828647925  4100.0687373876
12449.7991967872    15983.9357429719    15797.1887550201    14743.641231593 1148.1872770965
15945.7831325301    10372.4899598394    15802.2088353414    14040.1606425703    1834.3036437503
15981.9277108434    9285.140562249  11333.3333333333    12200.1338688086    1981.1820465419
8938.7550200803 15885.5421686747    8329.3172690763 11051.2048192771    2423.562584222
10970.8835341365    15975.9036144578    15466.8674698795    14137.8848728246    1590.3042223173
15963.8554216867    12915.6626506024    15839.3574297189    14906.2918340027    995.9632434407
15693.7751004016    6502.0080321285 14536.1445783133    12243.9759036145    2890.3675305112
11593.3734939759    15953.8152610442    5209.8393574297 10919.0093708166    3119.7932507521
8330.3212851406 15952.8112449799    15836.3453815261    13373.1593038822    2521.6431505923
15944.7791164659    10008.0321285141    14590.3614457831    13514.390896921 1796.2484670606
9698.7951807229 5584.3373493976 11059.2369477912    8780.7898259706 1645.7705162667
15861.4457831325    14119.4779116466    7530.1204819277 12503.6813922356    2537.1141159941
4333.3333333333 15946.7871485944    11986.9477911647    10755.6894243641    3408.5713162635
15493.9759036145    15846.3855421687    15824.297188755 15721.5528781794    113.9670030509
15960.843373494 8123.4939759036 15762.0481927711    13282.1285140562    2579.9555942326
15961.8473895582    11569.2771084337    10531.124497992 12687.4163319946    1664.4182440816
6705.8232931727 15938.7550200803    9066.265060241  10570.281124498 2769.3744967406
13148.59437751  15950.8032128514    15854.4176706827    14984.6050870147    918.426922741
15972.8915662651    10680.7228915663    15835.3413654618    14162.9852744311    1741.5839047422
15946.7871485944    8897.5903614458 13371.4859437751    12738.6211512718    2059.3835825459
9022.0883534137 14517.0682730924    6225.9036144578 9921.686746988  2435.3515010801
10336.3453815261    10692.7710843374    9468.875502008  10165.9973226238    363.429931344
10598.3935742972    15939.7590361446    15863.453815261 14133.8688085676    1767.8748514142
15944.7791164659    4181.7269076305 15883.5341365462    12003.3467202142    3910.8498695442
15947.7911646586    15498.9959839357    6675.702811245  12707.4966532798    3018.6783528098
3919.6787148594 15922.6907630522    13058.2329317269    10966.8674698795    3619.3199949954
15951.8072289157    15952.8112449799    15880.5220883534    15928.3801874163    23.9308047399
15998.9959839357    6798.1927710843 15895.5823293173    12897.5903614458    3049.8449042517
15934.7389558233    12962.8514056225    9340.3614457831 12745.983935743 1906.7185870713
4055.2208835341 15937.7510040161    10328.313253012 10107.0950468541    3431.9738556256
15754.016064257 15915.6626506024    15877.5100401606    15849.06291834  48.7829675679
15968.875502008 9368.4738955823 15867.4698795181    13734.9397590361    2183.4291743035
10651.6064257028    4389.5582329317 9964.859437751  8335.3413654619 1982.827001454
11277.1084337349    15852.4096385542    3936.7469879518 10355.421686747 3470.4891079606
7917.6706827309 15954.8192771084    15868.4738955823    13246.9879518072    2664.7752123512
15961.8473895582    15718.875502008 15615.4618473896    15765.3949129853    102.662517753
15661.6465863454    3731.9277108434 15873.4939759036    11755.6894243641    4012.3469381247
14605.421686747 15944.7791164659    4942.7710843374 11830.9906291834    3465.7440737709
5177.7108433735 15893.5742971888    14737.9518072289    11936.4123159304    3395.7767904257
15943.7751004016    15954.8192771084    15802.2088353414    15900.2677376171    49.132998743
15992.9718875502    4918.6746987952 15801.2048192771    12237.6171352075    3659.8899092166
15919.6787148594    14810.2409638554    7821.2851405623 12850.4016064257    2534.8716174758
3861.4457831325 15965.8634538153    11914.6586345382    10580.655957162 3557.3353390808
15925.702811245 9184.7389558233 12113.453815261 12407.9651941098    1951.512331435
10099.3975903614    14115.4618473896    13483.9357429719    12566.265060241 1246.8336751685
15957.8313253012    5600.4016064257 15071.2851405623    12209.8393574297    3314.6136814978
9727.9116465864 15948.7951807229    3823.2931726908 9833.3333333333 3500.7277831772
10072.2891566265    15941.7670682731    15868.4738955823    13960.843373494 1944.3922268436
15967.8714859438    15956.8273092369    15852.4096385542    15925.702811245 36.785007508
15837.3493975904    3675.702811245  15886.546184739 11799.8661311914    4062.1064862884
12270.0803212851    15893.5742971888    4269.0763052209 10810.9103078983    3434.0996509174
7569.2771084337 15952.8112449799    15445.7831325301    12989.2904953146    2713.9564115991
15967.8714859438    15922.6907630522    15893.5742971888    15928.0455153949    21.6142167235
15927.7108433735    3899.5983935743 15916.6666666667    11914.6586345382    4007.5313886552
13553.2128514056    15746.9879518072    6980.9236947791 12093.7081659973    2633.6657649642
1200.8032128514 9600.4016064257 6750    5850.4016064257 2466.121870848
15282.1285140562    15947.7911646586    15893.5742971888    15707.8313253012    213.4260448071
16014.0562248996    12214.859437751 15901.6064257028    14710.1740294511    1248.0795144272
15983.9357429719    7523.0923694779 15680.7228915663    13062.5836680054    2771.1283738555
6760.0401606426 15915.6626506024    3994.9799196787 8890.2275769746 3602.2651676577
13166.6666666667    15925.702811245 15905.6224899598    14999.3306559572    916.3503293059
15945.7831325301    14717.8714859438    15771.0843373494    15478.2463186078    383.5176362181
15988.9558232932    4986.9477911647 15898.59437751  12291.499330656 3652.3689204193
9118.4738955823 15907.6305220884    3903.6144578313 9643.2396251673 3475.1803176692
10580.3212851406    15865.4618473896    15826.3052208835    14090.6961178046    1755.2238138103
15957.8313253012    13596.3855421687    15626.5060240964    15060.2409638554    738.1505346711
10285.140562249 3817.2690763052 9905.6224899598 8002.6773761714 2095.5699677526
15955.8232931727    11247.9919678715    11468.875502008 12890.8969210174    1533.7891678197
3894.578313253  15931.7269076305    8269.0763052209 9365.1271753681 3517.7754430532
15945.7831325301    15934.7389558233    15918.6746987952    15933.0655957162    7.8701312023
15942.7710843374    11123.4939759036    15722.8915662651    14263.0522088353    1571.0618674529
15926.7068273092    8485.9437751004 14201.8072289157    12871.4859437751    2248.5962095681
4089.3574297189 15960.843373494 5520.0803212851 8523.4270414993 3741.5733441819
15700.8032128514    15904.6184738956    15901.6064257028    15835.6760374833    67.4420176317
15960.843373494 13833.3333333333    15905.6224899598    15233.2663989291    700.1480266357
15963.8554216867    5808.2329317269 15884.5381526104    12552.2088353414    3372.0656897859
6166.6666666667 15900.6024096386    3847.3895582329 8638.2195448461 3692.3982826229
10278.1124497992    10111.4457831325    11193.7751004016    10527.7777777778    336.4564210271
13285.140562249 15926.7068273092    14287.1485943775    14499.6653279786    769.9222048842
15970.8835341365    6308.2329317269 15892.5702811245    12723.8955823293    3207.9109856806
14626.5060240964    13391.5662650602    9915.6626506024 12644.578313253 1410.2605636911
5237.9518072289 15917.6706827309    9685.7429718876 10280.4551539491    3097.2762630822
15943.7751004016    15916.6666666667    15890.562248996 15917.0013386881    15.3621384438
15941.7670682731    9080.3212851406 15932.7309236948    13651.6064257028    2285.6440587736
16004.016064257 10440.7630522088    12720.8835341365    13055.2208835341    1614.6498192506
3908.6345381526 15939.7590361446    6953.8152610442 8934.0696117805 3611.4652908828
15959.8393574297    15951.8072289157    15908.6345381526    15940.093708166 15.8995629454
15986.9477911647    11851.40562249  15886.546184739 14574.9665327979    1362.0888547572
9916.6666666667 7961.8473895582 9828.3132530121 9235.609103079  637.3913655282
9308.2329317269 10055.2208835341    5632.5301204819 8331.9946452477 1366.8490882791
10491.9678714859    15951.8072289157    13973.8955823293    13472.5568942436    1595.928863532
15955.8232931727    15931.7269076305    15835.3413654618    15907.6305220884    36.8078369073
15947.7911646586    4220.8835341366 15901.6064257028    12023.4270414993    3901.2945349694
11645.5823293173    15485.9437751004    8454.8192771084 11862.1151271754    2032.596267993
8255.0200803213 15878.5140562249    11301.2048192771    11811.5796519411    2215.4590910631
15875.5020080321    15305.2208835341    15612.4497991968    15597.7242302544    164.7905458708
15635.5421686747    7484.9397590362 15910.6425702811    13010.374832664 2763.8586928664
14224.8995983936    12207.8313253012    11336.3453815261    12589.6921017403    855.4335363589
5198.7951807229 15943.7751004016    8448.7951807229 9863.7884872825 3181.4725579927
15909.6385542169    15940.7630522088    15556.2248995984    15802.2088353414    123.3197146668
9377.5100401607 10045.1807228916    9501.0040160643 9641.2315930388 205.0966155683
15957.8313253012    3842.3694779117 15860.4417670683    11886.8808567604    4022.3539407845
7777.1084337349 15959.8393574297    4757.0281124498 9497.9919678715 3346.4819861664
11966.8674698795    15942.7710843374    14910.6425702811    14273.4270414993    1191.1458223709
15920.6827309237    15845.3815261044    15911.6465863454    15892.5702811245    23.7381333685
15950.8032128514    3843.3734939759 15890.562248996 11894.9129852744    4025.8073053069
10358.4337349398    15801.2048192771    7370.4819277109 11176.7068273092    2467.8904796652
9378.5140562249 15947.7911646586    12445.7831325301    12590.6961178046    1897.7706448905
15939.7590361446    15958.8353413655    15897.5903614458    15932.0615796519    18.0939678593
15917.6706827309    5439.7590361446 15915.6626506024    12424.3641231593    3492.3025916155
12958.8353413655    14322.2891566265    9921.686746988  12400.93708166  1300.6105288243
2272.0883534137 10554.2168674699    5395.5823293173 6073.9625167336 2414.7852174914
14603.4136546185    15429.718875502 14485.9437751004    14839.6921017403    296.9559386313
15934.7389558233    13874.4979919679    15924.6987951807    15244.6452476573    685.0797588387
15920.6827309237    5789.156626506  15884.5381526104    12531.4591700134    3371.1674189008
5398.59437751   15921.686746988 3870.4819277109 8396.921017403  3788.1550645251
14500   15942.7710843374    15844.3775100402    15429.0495314592    465.3923426508
15969.8795180723    15948.7951807229    15914.6586345382    15944.4444444444    16.0886416891
15957.8313253012    3695.7831325301 15880.5220883534    11844.7121820616    4074.5256439759
7814.2570281125 15931.7269076305    5215.8634538153 9653.9491298528 3227.268332099
12015.0602409639    15939.7590361446    14349.3975903614    14101.40562249  1139.7280626418
12972.8915662651    13001.0040160643    13054.2168674699    13009.3708165997    23.8464090058
