3038.1909547739 3131.6582914573 3238.1909547739 3136.013400335  57.7760770273
5662.311557789  5550.7537688442 6100.5025125628 5771.189279732  167.7763283429
11144.7236180905    11054.2713567839    10775.8793969849    10991.6247906198    110.9879258446
9363.8190954774 10615.0753768844    9660.3015075377 9879.7319932998 377.5018207468
17127.6381909548    17716.5829145729    16302.5125628141    17048.9112227806    410.1004720672
14289.4472361809    14887.4371859296    14561.8090452261    14579.5644891122    172.8529595165
15667.3366834171    14903.5175879397    15709.5477386935    15426.8006700168    261.925136434
19102.5125628141    18687.4371859296    17782.9145728643    18524.2881072027    389.5715296694
15384.9246231156    16442.2110552764    16151.7587939699    15992.9648241206    315.370308026
17992.9648241206    19131.6582914573    17671.3567839196    18265.3266331658    443.0033256079
18459.2964824121    19315.5778894472    18489.4472361809    18754.7738693467    280.5370615497
16873.3668341709    17318.5929648241    17778.8944723618    17323.6180904523    261.4153877118
18034.1708542714    16152.7638190955    18001.0050251256    17395.9798994975    621.6817674618
7933.6683417086 18859.2964824121    15537.6884422111    14110.2177554439    3233.7074691659
18608.040201005 18524.6231155779    18098.4924623116    18410.3852596315    157.7946347845
17670.351758794 19552.7638190955    19183.91959799  18802.3450586265    575.9248035435
18380.9045226131    17519.5979899498    16003.0150753769    17301.1725293132    695.0711755425
17462.3115577889    19596.9849246231    18945.7286432161    18668.3417085427    631.6421005109
18223.1155778894    20012.0603015075    18762.8140703518    18999.3299832496    529.7910402007
18990.9547738693    18735.6783919598    19200   18975.5443886097    134.2593868893
17995.9798994975    19898.4924623116    17956.783919598 18617.0854271357    640.8034211204
19260.3015075377    18190.9547738693    16936.6834170854    18129.3132328308    671.4784725404
16713.567839196 18097.4874371859    19264.3216080402    18025.1256281407    737.2275476121
19048.2412060302    19487.4371859296    17163.8190954774    18566.4991624791    712.7077018813
17067.3366834171    19548.743718593 18546.7336683417    18387.6046901173    720.7257320086
18039.1959798995    20111.5577889447    18783.9195979899    18978.2244556114    606.0766316148
19218.0904522613    18644.2211055276    18803.0150753769    18888.4422110553    171.0797605532
18770.8542713568    18401.0050251256    18621.1055276382    18597.6549413735    107.4081991463
19290.4522613065    19721.608040201 17654.2713567839    18888.7772194305    629.6764698637
17687.4371859296    19542.7135678392    18974.8743718593    18735.0083752094    548.8364618535
18345.7286432161    20128.6432160804    18449.2462311558    18974.5393634841    577.825160894
19169.8492462312    19116.5829145729    20215.0753768844    19500.5025125628    357.6171646424
17881.4070351759    18183.9195979899    18921.608040201 18328.9782244556    308.9153263425
19149.7487437186    19947.7386934673    18723.6180904523    19273.7018425461    358.7669116633
17568.8442211055    18629.1457286432    19873.3668341709    18690.4522613065    665.9642099349
18768.8442211055    19721.608040201 18451.256281407 18980.5695142379    381.6932003506
17549.7487437186    19455.2763819096    19762.8140703518    18922.6130653266    692.1493556575
18462.3115577889    20047.2361809045    19547.7386934673    19352.4288107203    467.8340082991
19309.5477386935    18923.6180904523    20177.8894472362    19470.351758794 370.8964854568
20032.1608040201    20160.8040201005    18305.527638191 19499.4974874372    598.1388551005
18509.5477386935    18040.2010050251    20321.608040201 18957.1189279732    695.5679914388
18569.8492462312    19984.9246231156    17548.743718593 18701.1725293132    706.323510251
19429.1457286432    17794.9748743719    18954.7738693467    18726.2981574539    485.3793905909
18355.7788944724    19262.3115577889    17430.1507537688    18349.4137353434    528.9088419835
19695.4773869347    19420.1005025126    18268.3417085427    19127.97319933  437.1051864572
18355.7788944724    20085.4271356784    18603.0150753769    19014.7403685092    540.0799469617
19833.1658291457    17884.4221105528    19256.2814070352    18991.2897822446    577.9463473068
18208.040201005 19978.8944723618    17055.2763819096    18414.0703517588    850.239574467
19448.2412060302    17404.0201005025    19249.2462311558    18700.5025125628    650.7815131549
19364.824120603 20128.6432160804    17335.6783919598    18943.0485762144    833.3834820731
16756.783919598 19630.1507537688    18708.5427135678    18365.1591289782    847.0524296155
19329.648241206 20024.1206030151    19534.6733668342    19629.4807370184    206.0050916928
18380.9045226131    17895.4773869347    18525.6281407035    18267.3366834171    190.5655912397
18957.7889447236    19821.1055276382    18577.8894472362    19118.9279731993    367.8182955011
17605.0251256281    17860.3015075377    20107.5376884422    18524.2881072027    795.047364451
18894.472361809 19869.3467336683    19879.3969849246    19547.7386934673    326.6460505125
17241.2060301508    19206.0301507538    17821.1055276382    18089.4472361809    582.849011504
18874.3718592965    20058.2914572864    19808.040201005 19580.2345058626    360.2489785693
18890.4522613065    19470.351758794 19587.9396984925    19316.2479061977    215.5869347439
18647.2361809045    18115.5778894472    20026.1306532663    18929.648241206 569.3184213563
19077.3869346734    19724.6231155779    17990.9547738693    18930.9882747069    505.7917573767
17138.6934673367    17337.6884422111    19600   18025.4606365159    789.3626976612
18740.7035175879    19251.256281407 16449.2462311558    18147.0686767169    861.6102799699
17101.5075376884    19174.8743718593    19011.0552763819    18429.1457286432    665.5014521827
19104.5226130653    19962.8140703518    19208.040201005 19425.1256281407    270.4999189271
19178.8944723618    20238.1909547739    18505.527638191 19307.5376884422    504.2956639184
18202.0100502513    17942.7135678392    19201.0050251256    18448.5762144054    383.5885394748
19202.0100502513    19953.7688442211    17103.5175879397    18753.0988274707    852.8626345896
17254.2713567839    19196.9849246231    18703.5175879397    18384.9246231156    582.9980301834
19304.5226130653    20140.7035175879    19208.040201005 19551.0887772194    296.120116678
18838.1909547739    19342.7135678392    18357.7889447236    18846.2311557789    284.3516672063
18722.6130653266    19811.0552763819    19875.3768844221    19469.6817420436    373.9955539459
19418.0904522613    19961.8090452261    19164.824120603 19514.9078726968    235.1073883668
18250.2512562814    17477.3869346734    20015.0753768844    18580.9045226131    750.9914212414
19055.2763819096    19689.4472361809    18053.2663316583    18932.6633165829    476.286839668
17263.3165829146    19744.7236180905    19705.527638191 18904.5226130653    820.6810192888
19071.3567839196    19734.6733668342    19653.2663316583    19486.432160804 208.8639531017
18969.8492462312    18770.8542713568    19605.0251256281    19115.242881072 251.5384233857
19095.4773869347    19882.4120603015    19878.391959799 19618.7604690117    261.6441147138
18994.9748743719    19468.3417085427    18990.9547738693    19151.4237855946    158.4632109948
18412.0603015075    18291.4572864322    19786.9346733668    18830.1507537688    479.657125251
19413.0653266332    19371.8592964824    17382.9145728643    18722.6130653266    669.9548547625
17723.6180904523    19475.3768844221    18754.7738693467    18651.256281407 508.3311375873
19594.9748743719    19594.9748743719    18870.351758794 19353.4338358459    241.541038526
18838.1909547739    18519.5979899498    18665.3266331658    18674.3718592965    92.0809994799
19186.9346733668    19845.2261306533    18832.1608040201    19288.1072026801    296.7896278075
19336.6834170854    19817.0854271357    18020.1005025126    19057.9564489112    537.1391026917
18261.3065326633    17159.7989949749    19173.8693467337    18198.324958124 582.2642168028
19536.6834170854    19630.1507537688    17043.216080402 18736.6834170854    847.163453545
19265.3266331658    19387.9396984925    18524.6231155779    19059.2964824121    269.6696731488
17106.5326633166    19947.7386934673    18758.7939698492    18604.3551088777    823.8125692524
19360.8040201005    17545.7286432161    18853.2663316583    18586.5996649916    540.665635822
18729.648241206 19778.8944723618    19930.6532663317    19479.7319932998    377.5918913559
19503.5175879397    19666.3316582915    18131.6582914573    19100.5025125628    486.6968423133
17385.9296482412    19200   20058.2914572864    18881.4070351759    787.7193911407
19261.3065326633    19706.5326633166    19749.7487437186    19572.5293132328    156.1106677546
19121.608040201 18747.7386934673    17416.0804020101    18428.4757118928    517.5753631795
16626.1306532663    19846.2311557789    19795.9798994975    18756.1139028476    1065.0904155379
19371.8592964824    17447.2361809045    19259.2964824121    18692.797319933 623.6276961113
18481.4070351759    19614.0703517588    20217.0854271357    19437.5209380235    508.7639078187
19316.5829145729    19393.9698492462    17906.5326633166    18872.3618090452    483.4310148886
19462.3115577889    19219.0954773869    19379.8994974874    19353.7688442211    71.4157399122
17644.2211055276    19591.959798995 18748.743718593 18661.6415410385    563.9478688994
19500.5025125628    18494.472361809 18462.3115577889    18819.0954773869    340.829986953
18864.3216080402    19729.648241206 19098.4924623116    19230.8207705193    258.4122232541
19136.6834170854    18595.9798994975    18110.5527638191    18614.405360134 296.3616330279
19487.4371859296    18294.472361809 18774.8743718593    18852.2613065327    346.546207184
17987.9396984925    19364.824120603 19128.6432160804    18827.135678392 425.1010759905
19420.1005025126    19248.2412060302    16953.7688442211    18540.7035175879    795.0168022537
17055.2763819096    19686.432160804 18452.2613065327    18397.9899497487    760.0338190563
18838.1909547739    18462.3115577889    18494.472361809 18598.324958124 120.2918002061
18730.6532663317    19286.432160804 19332.6633165829    19116.5829145729    193.4257824807
18753.7688442211    19803.0150753769    19912.5628140704    19489.7822445561    369.3629519717
19309.5477386935    17024.1206030151    18520.6030150754    18284.757118928 670.2019007162
17856.2814070352    19079.3969849246    20250.2512562814    19061.9765494137    691.1344571199
19162.8140703518    19366.8341708543    17978.8944723618    18836.1809045226    432.6704174571
17105.527638191 18461.3065326633    18964.824120603 18177.2194304858    555.2101594877
18516.5829145729    17551.7587939699    19390.9547738693    18486.432160804 531.1441311246
18865.3266331658    19483.4170854271    19478.391959799 19275.7118927973    205.1977574309
18872.3618090452    19510.5527638191    19886.432160804 19423.1155778894    295.9834543188
18947.7386934673    18972.864321608 18413.0653266332    18777.8894472362    182.5562046126
17519.5979899498    19457.2864321608    19318.5929648241    18765.1591289782    624.0662044911
19416.0804020101    19264.3216080402    18167.8391959799    18949.4137353434    393.235193967
19169.8492462312    19721.608040201 18822.1105527638    19237.8559463987    261.8794989604
18779.8994974874    19685.4271356784    18868.3417085427    19111.2227805695    288.2351396826
18991.959798995 17686.432160804 18525.6281407035    18401.3400335008    381.9625870484
18879.3969849246    19083.4170854271    18920.6030150754    18961.1390284757    62.2854360694
19496.4824120603    19273.3668341709    17044.2211055276    18604.6901172529    782.8884110971
18997.9899497487    19650.2512562814    18883.4170854271    19177.2194304858    238.8172707821
17273.3668341709    18521.608040201 18560.8040201005    18118.5929648241    422.764508982
18734.6733668342    19942.7135678392    18823.1155778894    19166.8341708543    388.7789153977
18876.3819095477    19665.3266331658    19193.9698492462    19245.2261306533    229.1861317932
19421.1055276382    17490.4522613065    18912.5628140704    18608.040201005 577.756011104
17851.256281407 19433.1658291457    20037.1859296482    19107.202680067 651.731306517
19424.1206030151    19159.7989949749    17498.4924623116    18694.1373534338    602.6722457437
19227.135678392 19777.8894472362    19839.1959798995    19614.7403685092    194.6087267549
17000   18251.256281407 19902.5125628141    18384.5896147404    840.5312065705
19057.2864321608    19590.9547738693    19554.7738693467    19401.0050251256    172.1763803249
18438.1909547739    19768.8442211055    19793.9698492462    19333.6683417085    447.7974382765
19319.5979899498    17124.6231155779    18304.5226130653    18249.581239531 634.229871754
19192.9648241206    19851.256281407 20133.6683417085    19725.9631490787    278.6901228707
17653.2663316583    19028.1407035176    15312.5628140704    17331.3232830821    1084.6067271954
19335.6783919598    19561.8090452261    11328.6432160804    16742.0435510888    2707.4872211695
11922.6130653266    17779.8994974874    19053.2663316583    16251.9262981575    2195.6457345213
14586.9346733668    10588.9447236181    18407.0351758794    14527.6381909548    2257.0830463643
19504.5226130653    19614.0703517588    18736.6834170854    19285.0921273032    276.021896381
18578.8944723618    19039.1959798995    19450.2512562814    19022.7805695142    251.6729097422
19328.6432160804    19592.9648241206    17899.4974874372    18940.3685092127    525.9993159369
18609.0452261307    19818.0904522613    18919.5979899498    19115.5778894472    362.5160596271
18964.824120603 18782.9145728643    18672.3618090452    18806.7001675042    85.2601251166
19501.5075376884    19776.8844221106    18997.9899497487    19425.4606365159    228.0398343509
18829.1457286432    18689.4472361809    19481.4070351759    19000   244.0583723461
19424.1206030151    19459.2964824121    19129.648241206 19337.6884422111    104.5145596691
18462.3115577889    19257.2864321608    20096.4824120603    19272.02680067  471.8020609272
19065.3266331658    19754.7738693467    18959.7989949749    19259.9664991625    249.2721209154
19466.3316582915    19752.7638190955    19655.2763819096    19624.7906197655    84.0790936279
18285.4271356784    19038.1909547739    19725.6281407035    19016.4154103853    415.8927604038
18795.9798994975    18947.7386934673    20023.1155778894    19255.6113902848    386.2446078933
19065.3266331658    18475.3768844221    19846.2311557789    19128.9782244556    397.0092367228
19117.5879396985    19174.8743718593    19612.0603015075    19301.5075376884    156.1545155332
18687.4371859296    19266.3316582915    19977.8894472362    19310.5527638191    373.1770756215
19278.391959799 19874.3718592965    18486.432160804 19213.0653266332    401.9928807054
18934.6733668342    19386.9346733668    18661.3065326633    18994.3048576214    211.5821240601
18187.9396984925    19136.6834170854    18279.3969849246    18534.6733668342    302.1606549851
18680.4020100503    19806.0301507538    19016.0804020101    19167.5041876047    333.6447961125
18939.6984924623    18605.0251256281    18929.648241206 18824.7906197655    109.9210416582
19453.2663316583    19406.0301507538    17938.6934673367    18932.6633165829    497.1719555327
19043.216080402 19450.2512562814    18505.527638191 18999.6649916248    273.5861848637
18425.1256281407    19095.4773869347    17838.1909547739    18452.9313232831    363.2135095852
19104.5226130653    19583.91959799  18742.7135678392    19143.7185929648    243.6248071117
18020.1005025126    18552.7638190955    18855.2763819096    18476.0469011725    244.1268806061
19235.175879397 19878.391959799 18750.7537688442    19288.1072026801    326.5951960064
19109.5477386935    18835.175879397 19833.1658291457    19259.2964824121    297.6656399575
18450.2512562814    19666.3316582915    18945.7286432161    19020.770519263 353.051624369
19271.3567839196    19613.0653266332    20230.1507537688    19704.8576214405    280.5594638066
18326.6331658291    19045.2261306533    19362.8140703518    18911.5577889447    306.4953158455
19405.0251256281    19800   20186.9346733668    19797.3199329983    225.7218216305
18557.7889447236    18373.8693467337    19716.5829145729    18882.7470686767    420.2849303577
19376.8844221106    19944.7236180905    19381.9095477387    19567.8391959799    188.4477944455
19351.7587939698    19088.4422110553    20020.1005025126    19486.7671691792    277.2888019393
18758.7939698492    19703.5175879397    18406.0301507538    18956.1139028476    387.328361722
19419.0954773869    19644.2211055276    19717.5879396985    19593.634840871 89.8028677032
17898.4924623116    18768.8442211055    18634.1708542714    18433.8358458962    270.4802104249
19478.391959799 19573.8693467337    19084.4221105528    19378.8944723618    149.7937045362
19220.1005025126    18432.1608040201    19163.8190954774    18938.6934673367    253.7869207619
18836.1809045226    19529.648241206 18132.6633165829    18832.8308207705    403.2782898537
19542.7135678392    19405.0251256281    19255.2763819096    19401.0050251256    83.000310983
18435.175879397 19554.7738693467    17926.6331658291    18638.8609715243    480.9110278693
19431.1557788945    19730.6532663317    18602.0100502513    19254.6063651591    337.5579697962
18103.5175879397    18785.9296482412    19116.5829145729    18668.6767169179    298.2652770239
18665.3266331658    19763.8190954774    18495.4773869347    18974.8743718593    397.507871748
19284.4221105528    18381.9095477387    19107.5376884422    18924.6231155779    276.1192600031
18545.7286432161    19663.3165829146    18181.9095477387    18796.9849246231    445.716273795
19065.3266331658    19255.2763819096    18762.8140703518    19027.8056951424    143.3941510532
18232.1608040201    19763.8190954774    18680.4020100503    18892.1273031826    454.6482084211
19134.6733668342    19703.5175879397    18071.3567839196    18969.8492462312    478.3173512757
19341.7085427136    18739.6984924623    18972.864321608 19018.0904522613    175.2503707284
17854.2713567839    19400   18378.8944723618    18544.3886097152    453.8209969207
19202.0100502513    19130.6532663317    18583.91959799  18972.1943048576    195.2271187171
18607.0351758794    19604.0201005025    18065.3266331658    18758.7939698492    450.6171491287
19118.5929648241    19752.7638190955    19100.5025125628    19323.9530988275    214.4689499503
18554.7738693467    19187.9396984925    18725.6281407035    18822.7805695142    189.1240224626
18950.7537688442    19457.2864321608    19864.3216080402    19424.1206030151    264.2451692214
18212.0603015075    17787.9396984925    19684.4221105528    18561.4740368509    574.6676876388
19170.8542713568    19374.8743718593    19456.2814070352    19334.0033500837    84.8920741513
19136.6834170854    19298.4924623116    19933.6683417085    19456.2814070352    243.2209255162
18659.2964824121    19762.8140703518    19941.7085427136    19454.6063651591    400.9942498577
19266.3316582915    19602.0100502513    18955.7788944724    19274.7068676717    186.597860629
19066.3316582915    18845.2261306533    18366.8341708543    18759.4639865997    206.4304101848
18218.0904522613    19733.6683417085    19542.7135678392    19164.824120603 476.5656339878
18885.4271356784    18462.3115577889    19844.2211055276    19063.986599665 408.7913531242
18902.5125628141    19508.5427135678    19153.7688442211    19188.2747068677    175.7945077104
19323.6180904523    19056.2814070352    19153.7688442211    19177.8894472362    78.1101320625
18935.6783919598    19571.8592964824    18429.1457286432    18978.8944723618    330.5799432991
18610.0502512563    19676.3819095477    17778.8944723618    18688.4422110553    549.1580276783
19286.432160804 18626.1306532663    19053.2663316583    18988.6097152429    193.3346655835
18011.0552763819    19578.8944723618    18389.9497487437    18659.9664991625    472.303475971
18909.5477386935    18131.6582914573    19066.3316582915    18702.5125628141    288.9932229343
18551.7587939699    19671.3567839196    18827.135678392 19016.7504187605    336.8185600085
19280.4020100503    19686.432160804 18119.5979899498    19028.810720268 469.4734506373
19139.6984924623    19119.5979899498    19120.6030150754    19126.6331658291    6.5391026117
18265.3266331658    19820.1005025126    18310.5527638191    18798.6599664992    510.887113161
19439.1959798995    18467.3366834171    20122.6130653266    19343.0485762144    480.2493163464
18520.6030150754    19715.5778894472    19246.2311557789    19160.8040201005    347.593912599
19263.3165829146    18896.4824120603    20069.3467336683    19409.7152428811    346.3991459551
19150.7537688442    19520.6030150754    20016.0804020101    19562.4790619766    250.6742560872
18505.527638191 19754.7738693467    18669.3467336683    18976.5494137353    391.9754037753
19349.7487437186    18749.7487437186    19564.824120603 19221.4405360134    243.881265253
17802.0100502513    19749.7487437186    19381.9095477387    18977.8894472362    597.4517234932
19236.1809045226    18423.1155778894    20160.8040201005    19273.3668341709    501.9719034539
18997.9899497487    19466.3316582915    19318.5929648241    19260.9715242881    138.2342960306
18801.0050251256    19656.2814070352    19945.7286432161    19467.6716917923    343.6462614213
19252.2613065327    19667.3366834171    19209.0452261307    19376.2144053601    146.0947671743
18197.9899497487    19788.9447236181    17724.6231155779    18570.5192629816    624.3501934728
19289.4472361809    18770.8542713568    18744.7236180905    18935.0083752094    177.3798958781
18005.0251256281    19603.0150753769    18578.8944723618    18728.9782244556    467.3638195084
18616.0804020101    18609.0452261307    18876.3819095477    18700.5025125628    87.9631459528
19239.1959798995    19339.6984924623    18997.9899497487    19192.2948073702    101.3919326661
18728.6432160804    19187.9396984925    17879.3969849246    18598.6599664992    383.2939438545
19182.9145728643    19499.4974874372    19079.3969849246    19253.9363484087    126.3647861074
18409.0452261307    19649.2462311558    17716.5829145729    18591.6247906198    565.3312736332
19015.0753768844    18678.391959799 18578.8944723618    18757.4539363484    131.9741672569
19368.8442211055    19440.2010050251    19145.7286432161    19318.2579564489    88.689947939
17823.1155778894    19329.648241206 19831.1557788945    18994.6398659967    603.3874710909
19351.7587939698    19553.7688442211    19959.7989949749    19621.7755443886    178.7893592661
18778.8944723618    19755.7788944724    18829.1457286432    19121.2730318258    317.5844058352
19010.0502512563    19274.3718592965    19724.6231155779    19336.3484087102    208.5940348413
18263.3165829146    19575.8793969849    19383.91959799  19074.3718592965    409.2961996394
19393.9698492462    18607.0351758794    19830.1507537688    19277.0519262982    357.8897780737
19569.8492462312    19619.0954773869    19024.1206030151    19404.3551088777    190.6480242115
19707.5376884422    19121.608040201 20106.5326633166    19645.2261306533    286.0251597211
20051.256281407 19989.9497487437    19840.2010050251    19960.4690117253    62.6841761359
19440.2010050251    19571.8592964824    18128.6432160804    19046.9011725293    460.6993713778
20118.5929648241    18815.0753768844    18601.0050251256    19178.2244556114    474.2278737466
18574.8743718593    19590.9547738693    18301.5075376884    18822.445561139 392.2742085347
20037.1859296482    18567.8391959799    19124.6231155779    19243.216080402 428.2885220716
19699.4974874372    19458.2914572864    18804.0201005025    19320.6030150754    267.5123162066
19928.6432160804    19178.8944723618    18314.5728643216    19140.7035175879    466.3331022908
20208.040201005 19854.2713567839    18979.8994974874    19680.7370184255    364.9968136168
18814.0703517588    19513.567839196 17900.5025125628    18742.7135678392    467.0166949032
18978.8944723618    18816.0804020101    19001.0050251256    18931.9932998325    58.3068579359
17580.9045226131    19562.8140703518    18469.3467336683    18537.6884422111    573.1475393821
18619.0954773869    18028.1407035176    19678.391959799 18775.2093802345    482.7390479377
19067.3366834171    19692.4623115578    20016.0804020101    19591.959798995 278.4506103219
18360.8040201005    18703.5175879397    18917.5879396985    18660.6365159129    162.153397574
19123.6180904523    19776.8844221106    20088.4422110553    19662.9815745394    284.2837725102
17997.9899497487    19780.9045226131    18645.2261306533    18808.040201005 521.0813786929
18981.9095477387    18359.7989949749    19670.351758794 19004.0201005025    378.4854880953
19123.6180904523    19852.2613065327    19487.4371859296    19487.7721943049    210.3412451692
17580.9045226131    18775.8793969849    19846.2311557789    18734.338358459 654.2732436691
20481.4070351759    19746.7336683417    20152.7638190955    20126.9681742044    212.4737634434
19387.9396984925    19459.2964824121    18785.9296482412    19211.0552763819    213.5585769989
20402.0100502513    18990.9547738693    19428.1407035176    19607.0351758794    417.0418334062
19084.4221105528    19760.8040201005    18789.9497487437    19211.7252931323    287.3987237701
20009.0452261306    18176.8844221106    18981.9095477387    19055.94639866  530.193170589
20052.2613065327    19442.2110552764    19073.3668341709    19522.6130653266    285.4277254813
19649.2462311558    19394.9748743719    18316.5829145729    19120.2680067002    408.4914426688
20258.2914572864    19612.0603015075    19165.8291457286    19678.7269681742    317.1234296384
19272.3618090452    19892.4623115578    18020.1005025126    19061.6415410385    550.6774493005
19742.7135678392    18737.6884422111    18907.5376884422    19129.3132328308    310.5946822107
17921.608040201 19632.1608040201    18655.2763819095    18736.3484087102    495.4550751916
18879.3969849246    18594.9748743719    18754.7738693467    18743.0485762144    82.3146323912
18835.175879397 19195.9798994975    19708.5427135678    19246.5661641541    253.3848419475
18749.7487437186    19423.1155778894    19141.7085427136    19104.8576214405    195.2555728094
18765.8291457286    19482.4120603015    19815.0753768844    19354.4388609715    309.5761985945
18381.9095477387    19746.7336683417    12331.6582914573    16820.1005025126    2278.5427602989
18806.0301507538    18734.6733668342    19521.608040201 19020.770519263 251.2645448111
18944.7236180905    19579.8994974874    19848.2412060302    19457.621440536 267.8929825745
11098.4924623116    11557.7889447236    19541.7085427136    14065.9966499162    2741.0645051622
18546.7336683417    19353.7688442211    19810.0502512563    19236.850921273 369.3438089805
18736.6834170854    19621.1055276382    19106.5326633166    19154.7738693467    256.4475436147
19318.5929648241    19130.6532663317    19948.743718593 19465.9966499162    247.3956896716
18956.783919598 19734.6733668342    18537.6884422111    19076.3819095477    350.6760075643
18417.0854271357    18580.9045226131    18556.783919598 18518.2579564489    51.0632333099
18972.864321608 19929.648241206 18935.6783919598    19279.3969849246    325.3027925706
17964.824120603 19113.567839196 18479.3969849246    18519.2629815745    332.2122845503
18933.6683417085    19808.040201005 19053.2663316583    19264.9916247906    273.710453397
19030.1507537688    19753.7688442211    17885.4271356784    18889.7822445561    543.8911268977
18704.5226130653    19076.3819095477    18945.7286432161    18908.877721943 108.9163698962
18906.5326633166    19802.0100502513    18482.4120603015    19063.6515912898    388.9513602476
17945.7286432161    18519.5979899498    18673.3668341709    18379.5644891122    221.4131660129
19215.0753768844    19649.2462311558    19177.8894472362    19347.4036850921    151.3025559396
18677.3869346734    19291.4572864322    18733.6683417085    18900.837520938 195.9844807551
18823.1155778894    19431.1557788945    19958.7939698492    19404.3551088777    328.1158633908
18913.567839196 19798.9949748744    19867.3366834171    19526.6331658291    307.1668755587
18274.3718592965    18835.175879397 18829.1457286432    18646.2311557789    185.937796915
19104.5226130653    19925.6281407035    19719.5979899498    19583.2495812395    246.6419390519
17763.8190954774    18439.1959798995    19440.2010050251    18547.7386934673    486.9634541956
19096.4824120603    19564.824120603 20006.0301507538    19555.7788944724    262.602763585
18770.8542713568    19829.1457286432    19013.0653266332    19204.3551088777    320.1244746109
18531.6582914573    19130.6532663317    20026.1306532663    19229.4807370184    434.2376698593
19161.8090452261    19792.9648241206    20215.0753768844    19723.2830820771    306.0414733506
18072.3618090452    18585.9296482412    18102.5125628141    18253.6013400335    166.3919522446
19148.743718593 19791.959798995 19146.7336683417    19362.4790619766    214.7411524587
19155.7788944724    18195.9798994975    17366.8341708543    18239.5309882747    516.8827491287
17574.8743718593    19701.5075376884    19005.0251256281    18760.4690117253    625.9653678217
18925.6281407035    19838.1909547739    18170.8542713568    18978.2244556114    482.0365419148
18382.9145728643    18952.7638190955    18835.175879397 18723.6180904523    173.7007926131
18949.7487437186    19621.1055276382    19031.1557788945    19200.6700167504    211.52721689
18905.527638191 18538.6934673367    17559.7989949749    18334.6733668342    401.6484973829
18612.0603015075    19687.4371859296    18922.6130653266    19074.0368509213    319.533896491
19783.9195979899    19373.8693467337    18558.7939698492    19238.8609715243    360.0479816239
18248.2412060302    19463.3165829146    19249.2462311558    18986.9346733668    374.4807773838
19527.6381909548    19661.3065326633    20097.4874371859    19762.1440536013    172.0544439795
19164.824120603 18904.5226130653    18738.6934673367    18936.013400335 124.0169150767
19706.5326633166    19660.3015075377    19967.8391959799    19778.2244556114    95.7420880368
19709.5477386935    18682.4120603015    19326.6331658291    19239.5309882747    299.6898493762
18452.2613065327    19259.2964824121    19381.9095477387    19031.1557788945    291.6033827796
19571.8592964824    19490.4522613065    19221.1055276382    19427.8056951424    105.9882002532
18419.0954773869    19380.9045226131    19519.5979899498    19106.5326633166    346.0425710418
18910.5527638191    19694.472361809 19846.2311557789    19483.7520938023    289.9286043188
19171.8592964824    18950.7537688442    18963.8190954774    19028.810720268 71.6236624255
18498.4924623116    19804.0201005025    19403.0150753769    19235.175879397 386.1036563327
18969.8492462312    18595.9798994975    18752.7638190955    18772.864321608 108.3937186952
17899.4974874372    19564.824120603 19045.2261306533    18836.5159128978    491.9343333649
18827.135678392 19583.91959799  18841.2060301508    19084.0871021776    249.9492525842
18958.7939698492    19077.3869346734    18131.6582914573    18722.6130653266    297.4540476531
18738.6934673367    19497.4874371859    18861.3065326633    19032.4958123953    235.1746863442
18934.6733668342    18711.5577889447    17927.6381909548    18524.6231155779    305.3622932653
18254.2713567839    19877.3869346734    18718.5929648241    18950.0837520938    482.6375566406
19001.0050251256    19179.8994974874    18798.9949748744    18993.2998324958    110.0251355098
17880.4020100503    19771.8592964824    18560.8040201005    18737.6884422111    553.1331186036
19000   19698.4924623116    19021.1055276382    19239.8659966499    229.3941564776
18939.6984924623    19028.1407035176    18129.648241206 18699.162479062 285.8993742062
18017.0854271357    19793.9698492462    19071.3567839196    18960.8040201005    515.9121364392
19028.1407035176    18469.3467336683    18497.4874371859    18664.9916247906    181.7561689313
17634.1708542714    19938.6934673367    19240.2010050251    18937.6884422111    682.2368861638
19108.5427135678    18812.0603015075    19160.8040201005    19027.135678392 108.5907828296
18842.2110552764    19828.1407035176    18405.0251256281    19025.1256281407    420.8751963597
18489.4472361809    19751.7587939699    19160.8040201005    19134.0033500837    364.6442669081
19544.7236180905    18942.7135678392    17824.1206030151    18770.5192629816    504.1021202232
18989.9497487437    19751.7587939699    19191.959798995 19311.2227805695    227.8566796824
19884.4221105528    18392.9648241206    18668.3417085427    18981.9095477387    458.2047583219
19612.0603015075    19409.0452261307    18628.1407035176    19216.4154103853    299.9189491973
18433.1658291457    19331.6582914573    18980.9045226131    18915.242881072 261.4420041393
19630.1507537688    19391.959798995 18343.7185929648    19121.9430485762    395.1407809114
19153.7688442211    19825.1256281407    19134.6733668342    19371.189279732 227.0351042013
19811.0552763819    18562.8140703518    18717.5879396985    19030.4857621441    392.8338548616
19030.1507537688    19720.6030150754    18098.4924623116    18949.7487437186    469.9854691945
19845.2261306533    18513.567839196 18627.135678392 18995.3098827471    426.2208484132
19155.7788944724    19627.135678392 18187.9396984925    18990.2847571189    423.6203092643
17702.5125628141    19441.2060301508    18998.9949748744    18714.2378559464    521.7210959651
19160.8040201005    19548.743718593 18307.5376884422    19005.6951423786    366.6024983011
18662.3115577889    19831.1557788945    18950.7537688442    19148.0737018425    351.5444828524
18991.959798995 18602.0100502513    19036.1809045226    18876.7169179229    137.9453682961
18240.2010050251    19621.1055276382    17602.0100502513    18487.7721943049    595.8621924075
18748.743718593 19203.0150753769    19007.0351758794    18986.2646566164    131.5474277608
18909.5477386935    19636.1809045226    18579.8994974874    19041.8760469012    312.0179955157
17704.5226130653    19899.4974874372    18893.4673366834    18832.4958123953    634.3676168336
18822.1105527638    19159.7989949749    19093.4673366834    19025.1256281407    103.2978103118
18674.3718592965    19763.8190954774    18123.6180904523    18853.9363484087    481.9223272596
19036.1809045226    18791.959798995 19039.1959798995    18955.7788944724    81.9141719569
19081.4070351759    19321.608040201 18928.6432160804    19110.5527638191    114.371388282
18125.6281407035    19312.5628140704    19922.6130653266    19120.2680067002    527.5799069136
18730.6532663317    19773.8693467337    19381.9095477387    19295.4773869347    304.2355646635
19057.2864321608    19610.0502512563    19980.9045226131    19549.4137353434    268.3437997229
18752.7638190955    19152.7638190955    19839.1959798995    19248.2412060302    317.2384269332
19027.135678392 19659.2964824121    19163.8190954774    19283.4170854271    192.036958192
18237.1859296482    18689.4472361809    19600   18842.2110552764    400.7568406177
18880.4020100503    19542.7135678392    19528.6432160804    19317.2529313233    218.463222887
18451.256281407 19140.7035175879    20074.3718592965    19222.1105527638    470.3177556465
19833.1658291457    19859.2964824121    18967.8391959799    19553.4338358459    292.8944715763
19011.0552763819    19668.3417085427    19939.6984924623    19539.6984924623    275.6848221404
19894.472361809 18795.9798994975    19079.3969849246    19256.6164154104    329.2549505298
19713.567839196 19955.7788944724    18010.0502512563    19226.4656616415    612.2135756939
18975.8793969849    18033.1658291457    18850.2512562814    18619.7654941374    295.5334062676
19683.4170854271    19930.6532663317    18586.9346733668    19400.3350083752    412.9150481761
18696.4824120603    18969.8492462312    19426.1306532663    19030.8207705193    212.8260510795
19766.8341708543    19841.2060301508    19132.6633165829    19580.2345058626    224.8130856725
19210.0502512563    19773.8693467337    18209.0452261307    19064.3216080402    457.5646621683
18730.6532663317    18085.4271356784    18759.7989949749    18525.2931323283    220.0938736321
18981.9095477387    19915.5778894472    17449.2462311558    18782.2445561139    718.9338272361
18141.7085427136    19188.9447236181    19186.9346733668    18839.1959798995    348.7442013136
19052.2613065327    19756.783919598 19310.5527638191    19373.1993299833    205.7761504396
17820.1005025126    18948.743718593 19903.5175879397    18890.7872696817    602.1284194257
18861.3065326633    19619.0954773869    19863.3165829146    19447.9061976549    301.6539752335
19086.432160804 20033.1658291457    18529.648241206 19216.4154103853    438.8671090394
17975.8793969849    18542.7135678392    20024.1206030151    18847.5711892797    610.6080675667
19154.7738693467    19494.472361809 19429.1457286432    19359.4639865997    104.0679670952
17789.9497487437    19324.6231155779    20039.1959798995    19051.256281407 663.532019225
18855.2763819096    19628.1407035176    19414.0703517588    19299.162479062 230.3856761385
18896.4824120603    19784.9246231156    19786.9346733668    19489.4472361809    296.4829798706
18585.9296482412    18722.6130653266    20132.6633165829    19147.0686767169    494.3744143616
19040.2010050251    19883.4170854271    17839.1959798995    18920.9380234506    593.1210461482
18117.5879396985    18299.4974874372    18729.648241206 18382.2445561139    181.4660309822
18973.8693467337    19551.7587939698    18806.0301507538    19110.5527638191    225.86099686
18973.8693467337    19304.5226130653    18901.5075376884    19059.9664991625    124.0494894354
17692.4623115578    19704.5226130653    19112.5628140704    18836.5159128978    597.005885778
18656.2814070352    19743.7185929648    18164.824120603 18854.9413735343    466.4855394082
18634.1708542714    18661.3065326633    18867.3366834171    18720.9380234506    73.6172805584
18870.351758794 19563.8190954774    18063.3165829146    18832.4958123953    433.5711214477
18756.783919598 19453.2663316583    18800   19003.3500837521    225.3037801124
18406.0301507538    19679.3969849246    18614.0703517588    18899.8324958124    394.3816999736
19125.6281407035    19193.9698492462    19102.5125628141    19140.7035175879    27.4563839057
17947.7386934673    19654.2713567839    19011.0552763819    18871.0217755444    497.5843207468
18571.8592964824    19478.391959799 18032.1608040201    18694.1373534338    421.9439462754
18740.7035175879    18735.6783919598    19044.2211055276    18840.2010050251    102.0203640271
19167.8391959799    19441.2060301508    18059.2964824121    18889.4472361809    422.5103793571
19059.2964824121    19274.3718592965    19048.2412060302    19127.3031825796    73.6035586491
18181.9095477387    19829.1457286432    19056.2814070352    19022.445561139 475.8169841689
19350.7537688442    19150.7537688442    18230.1507537688    18910.5527638191    345.0652940437
18219.0954773869    19878.391959799 19032.1608040201    19043.216080402 479.0295288352
19678.391959799 19720.6030150754    18028.1407035176    19142.378559464 557.2521700316
19837.1859296482    18587.9396984925    20115.5778894472    19513.567839196 469.7396839268
19216.0804020101    19572.864321608 19458.2914572864    19415.7453936348    105.1686216989
19787.9396984925    19172.864321608 19609.0452261307    19523.283082077 182.6616077404
10092.4623115578    19716.5829145729    20101.5075376884    16636.850921273 3274.080453481
19740.7035175879    17375.8793969849    19219.0954773869    18778.5594639866    717.3219325318
19323.6180904523    12640.2010050251    20063.3165829146    17342.378559464 2360.7656794664
19413.0653266332    19888.4422110553    13334.6733668342    17545.3936348409    2109.8277715738
19366.8341708543    19100.5025125628    17688.4422110553    18718.5929648241    520.7818064122
18204.0201005025    19397.9899497487    19835.175879397 19145.7286432161    487.4744844042
18927.6381909548    19772.864321608 19473.3668341709    19391.2897822446    247.422907067
18816.0804020101    19173.8693467337    19253.2663316583    19081.0720268007    134.4636149183
17835.175879397 19815.0753768844    18260.3015075377    18636.850921273 601.7592544022
18916.5829145729    18668.3417085427    19114.5728643216    18899.8324958124    129.0878169999
18393.9698492462    19863.3165829146    19169.8492462312    19142.378559464 424.386197902
19059.2964824121    19002.0100502513    17670.351758794 18577.2194304858    453.7352988609
18945.7286432161    19744.7236180905    19165.8291457286    19285.4271356784    238.2757519267
18168.8442211055    19733.6683417085    18591.959798995 18831.4907872697    467.3328410113
19008.040201005 19202.0100502513    19186.9346733668    19132.3283082077    62.2962463852
17515.5778894472    19787.9396984925    19330.6532663317    18878.0569514238    693.9115255811
19126.6331658291    18643.216080402 18028.1407035176    18599.3299832496    317.8657549875
18322.6130653266    19451.256281407 19204.0201005025    18992.6298157454    342.5265277651
19029.1457286432    19326.6331658291    17752.7638190955    18702.8475711893    482.7418377751
19093.4673366834    19686.432160804 18807.0351758794    19195.6448911223    258.9497723156
17861.3065326633    19969.8492462312    18624.1206030151    18818.4254606365    616.3883724316
19142.7135678392    18738.6934673367    18734.6733668342    18872.02680067  135.3483588651
18570.8542713568    19601.0050251256    19082.4120603015    19084.757118928 297.3812190593
19035.175879397 18688.4422110553    17912.5628140704    18545.3936348409    331.869550164
19415.0753768844    19384.9246231156    18927.6381909548    19242.5460636516    157.6943173813
19163.8190954774    19151.7587939699    18641.2060301508    18985.594639866 172.2294966939
19881.4070351759    19725.6281407035    18964.824120603 19523.9530988275    283.1581870666
18522.6130653266    19771.8592964824    19609.0452261307    19301.1725293132    392.1068028818
19786.9346733668    18862.3115577889    19103.5175879397    19250.9212730318    276.9042320907
19362.8140703518    19624.1206030151    19820.1005025126    19602.3450586265    132.4554654839
19455.2763819096    18383.9195979899    18937.6884422111    18925.6281407035    309.33284542
19788.9447236181    19727.6381909548    19666.3316582915    19727.6381909548    35.3953431362
18959.7989949749    19170.8542713568    19640.2010050251    19256.9514237856    201.0773180996
19588.9447236181    19901.5075376884    20100.5025125628    19863.6515912898    148.8821092518
18342.7135678392    19522.6130653266    19876.3819095477    19247.2361809045    463.6482024644
18717.5879396985    18807.0351758794    19163.8190954774    18896.1474036851    136.3039531773
19115.5778894472    19663.3165829146    20013.0653266332    19597.3199329983    261.1752880901
18515.5778894472    19636.1809045226    18222.1105527638    18791.2897822446    430.8563278725
19024.1206030151    19890.4522613065    19147.7386934673    19354.1038525963    270.5380871007
18139.6984924623    18923.6180904523    19141.7085427136    18735.0083752094    304.2401758009
19026.1306532663    19861.3065326633    18499.4974874372    19128.9782244556    396.4694969728
19082.4120603015    19659.2964824121    19001.0050251256    19247.5711892797    207.1996332829
17793.9698492462    18575.8793969849    17982.9145728643    18117.5879396985    235.5478168101
18924.6231155779    19395.9798994975    19217.0854271357    19179.229480737 137.3791698731
18467.3366834171    19096.4824120603    18420.1005025126    18661.3065326633    218.0147920848
18936.6834170854    19904.5226130653    19216.0804020101    19352.4288107203    287.5884465326
17980.9045226131    18740.7035175879    19135.6783919598    18619.0954773869    338.8544716702
18888.4422110553    19775.8793969849    18873.3668341709    19179.229480737 298.356698526
18942.7135678392    19677.3869346734    20125.6281407035    19581.9095477387    344.7988158504
18777.8894472362    18403.0150753769    18456.2814070352    18545.7286432161    117.094413067
18961.8090452261    19673.3668341709    20128.6432160804    19587.9396984925    339.5334260427
18142.7135678392    19084.4221105528    19725.6281407035    18984.2546063652    459.6845958256
18946.7336683417    19963.8190954774    19573.8693467337    19494.8073701843    296.2565265806
18873.3668341709    18875.3768844221    20118.5929648241    19289.1122278057    414.7407744158
18107.5376884422    19736.6834170854    19152.7638190955    18998.9949748744    476.5370200306
19634.1708542714    19790.9547738693    19938.6934673367    19787.9396984925    87.921031759
19290.4522613065    18105.527638191 18821.1055276382    18739.0284757119    344.5112830547
19888.4422110553    19876.3819095477    19058.2914572864    19607.7051926298    274.728928313
19815.0753768844    19071.3567839196    19391.959798995 19426.1306532663    215.3718271901
18756.783919598 19652.2613065327    18375.8793969849    18928.3082077052    378.3090142609
19918.5929648241    19674.3718592965    19169.8492462312    19587.6046901173    220.4546024836
18341.7085427136    18370.8542713568    17937.6884422111    18216.7504187605    139.7844274127
19656.2814070352    19522.6130653266    19031.1557788945    19403.3500837521    190.0554803385
19217.0854271357    19660.3015075377    18380.9045226131    19086.0971524288    375.0922585807
19692.4623115578    19735.6783919598    18203.0150753769    19210.3852596315    503.839565568
19299.4974874372    19283.4170854271    19021.1055276382    19201.3400335008    90.2367306217
18140.7035175879    19607.0351758794    18544.7236180905    18764.1541038526    437.2811592055
19083.4170854271    19861.3065326633    18937.6884422111    19294.1373534338    286.687906828
18416.0804020101    18474.3718592965    18136.6834170854    18342.378559464 104.2150696025
19031.1557788945    19394.9748743719    19091.4572864322    19172.5293132328    112.5767718873
19123.6180904523    19316.5829145729    18880.4020100503    19106.8676716918    126.1928124789
18367.8391959799    19627.135678392 18783.9195979899    18926.2981574539    370.4324717139
19168.8442211055    18885.4271356784    18958.7939698492    19004.3551088777    84.9277616962
17947.7386934673    19725.6281407035    18428.1407035176    18700.5025125628    530.9922905649
19030.1507537688    19624.1206030151    19203.0150753769    19285.7621440536    176.3853295906
19325.6281407035    18385.9296482412    19122.6130653266    18944.7236180905    285.477264572
19802.0100502513    19613.0653266332    17803.0150753769    19072.6968174204    637.1796768324
20079.3969849246    19205.0251256281    19496.4824120603    19593.634840871 257.0411658991
19037.1859296482    19765.8291457286    20048.2412060301    19617.0854271357    301.1930241227
19802.0100502513    18762.8140703518    20509.5477386935    19691.4572864322    507.2593229702
18752.7638190955    19660.3015075377    19451.256281407 19288.1072026801    274.3898567142
19311.5577889447    19657.2864321608    20653.2663316583    19874.0368509213    402.1944021748
19560.8040201005    19170.8542713568    20457.2864321608    19729.648241206 380.8360121007
19830.1507537688    19755.7788944724    19204.0201005025    19596.6499162479    197.4853771152
19728.6432160804    19186.9346733668    20254.2713567839    19723.2830820771    308.1252165486
18180.9045226131    19747.7386934673    19829.1457286432    19252.5963149079    536.3609635305
18697.4874371859    19660.3015075377    20601.0050251256    19652.9313232831    549.5105524043
18071.3567839196    18629.1457286432    18968.8442211055    18556.4489112228    261.6196637767
18886.432160804 19431.1557788945    19392.9648241206    19236.850921273 175.5558961538
19050.2512562814    19438.1909547739    19278.391959799 19255.6113902848    112.5663036868
18245.2261306533    19793.9698492462    17981.9095477387    18673.7018425461    565.268140159
18941.7085427136    19059.2964824121    19253.2663316583    19084.757118928 90.8354684248
17809.0452261307    19820.1005025126    18538.6934673367    18722.6130653266    587.7799035522
18954.7738693467    19705.527638191 19335.6783919598    19331.9932998325    216.7317776165
18730.6532663317    18409.0452261307    18164.824120603 18434.8408710218    163.8492366074
18856.2814070352    19524.6231155779    19173.8693467337    19184.9246231156    193.0128011267
19158.7939698492    19262.3115577889    19079.3969849246    19166.8341708543    52.9557011904
18412.0603015075    19836.1809045226    18680.4020100503    18976.2144053601    436.9052539919
19098.4924623116    18714.5728643216    19313.567839196 19042.2110552764    175.1898423279
17996.9849246231    19690.4522613065    18132.6633165829    18606.7001675042    543.2897039109
19052.2613065327    19822.1105527638    19082.4120603015    19318.9279731993    251.7417977949
18881.4070351759    18339.6984924623    19249.2462311558    18823.4505862647    264.1580869596
18702.5125628141    19798.9949748744    17842.2110552764    18781.2395309883    566.2447287872
19226.1306532663    19068.3417085427    18927.6381909548    19074.0368509213    86.2143907153
18203.0150753769    19709.5477386935    18708.5427135678    18873.7018425461    442.6692971145
19824.1206030151    18788.9447236181    18939.6984924623    19184.2546063652    322.8792575958
19818.0904522613    19686.432160804 19194.9748743719    19566.4991624791    189.6103011596
18516.5829145729    19503.5175879397    18315.5778894472    18778.5594639866    367.0939780427
19903.5175879397    19246.2311557789    19560.8040201005    19570.1842546064    189.8002064235
19151.7587939699    19626.1306532663    18045.2261306533    18941.0385259632    468.3720212667
19969.8492462312    19288.4422110553    19395.9798994975    19551.4237855946    211.5033397613
19000   19819.0954773869    19069.3467336683    19296.1474036851    262.2392407764
19908.5427135678    18332.6633165829    19206.0301507538    19149.0787269682    455.8075496537
19944.7236180905    19706.5326633166    19621.1055276382    19757.4539363484    96.8278526602
18310.5527638191    19506.5326633166    18222.1105527638    18679.7319932998    414.1879674452
18972.864321608 19188.9447236181    19281.4070351759    19147.7386934673    91.4204649127
18361.8090452261    19735.6783919598    18991.959798995 19029.8157453936    397.0533339414
19159.7989949749    18851.256281407 19288.4422110553    19099.8324958124    129.7174750974
18925.6281407035    19709.5477386935    19402.0100502513    19345.7286432161    228.0410647315
18172.864321608 18752.7638190955    18861.3065326633    18595.6448911223    213.6998967682
18665.3266331658    19642.2110552764    19360.8040201005    19222.7805695142    290.3237550416
18830.1507537688    19786.9346733668    18241.2060301508    18952.7638190955    450.4052739686
19086.432160804 19089.4472361809    19232.1608040201    19136.013400335 48.0815803138
18535.6783919598    19685.4271356784    19433.1658291457    19218.0904522613    348.8904349158
19024.1206030151    18838.1909547739    18950.7537688442    18937.6884422111    54.0693554422
18992.9648241206    19672.3618090452    19192.9648241206    19286.0971524288    201.5773538151
17913.567839196 18680.4020100503    18733.6683417085    18442.5460636516    264.9357135755
18831.1557788945    19283.4170854271    19372.864321608 19162.4790619766    167.6619023007
18769.8492462312    19732.6633165829    18063.3165829146    18855.2763819095    483.7881684977
18870.351758794 19282.4120603015    19283.4170854271    19145.3936348409    137.52124406
18946.7336683417    19668.3417085427    19298.4924623116    19304.5226130653    208.3321170305
18261.3065326633    18496.4824120603    18819.0954773869    18525.6281407035    161.6779018477
18920.6030150754    19750.7537688442    19357.7889447236    19343.0485762144    239.7571878266
17854.2713567839    19796.9849246231    18250.2512562814    18633.8358458961    592.7019640902
18713.567839196 19552.7638190955    19541.7085427136    19269.3467336683    277.9077721353
19759.7989949749    19831.1557788945    19379.8994974874    19656.9514237856    140.0491283467
19358.7939698492    19090.4522613065    19028.1407035176    19159.1289782245    101.4400713376
19833.1658291457    19978.8944723618    19184.9246231156    19665.661641541 244.0220413725
18844.2211055276    18656.2814070352    18482.4120603015    18660.9715242881    104.4715977379
19927.6381909548    19806.0301507538    19669.3467336683    19801.0050251256    74.6046427118
19202.0100502513    19613.0653266332    16601.0050251256    18472.02680067  943.0064463338
19831.1557788945    19426.1306532663    15065.3266331658    18107.5376884422    1525.5924987506
19913.567839196 19851.256281407 19386.9346733668    19717.2529313233    166.1357840373
19249.2462311558    18900.5025125628    18884.4221105528    19011.3902847571    119.0185325346
19872.3618090452    19887.4371859296    19568.8442211055    19776.2144053601    103.7763809599
12695.4773869347    18564.824120603 18575.8793969849    16612.0603015075    1958.2940577475
19021.1055276382    19445.2261306533    19486.432160804 19317.5879396985    148.7176852586
18834.1708542714    19868.3417085427    19664.3216080402    19455.6113902848    316.252697065
18682.4120603015    19315.5778894472    19124.6231155779    19040.8710217755    187.5149342601
19044.2211055276    19884.4221105528    20524.6231155779    19817.7554438861    428.6532635956
18066.3316582915    13392.9648241206    19974.8743718593    17144.7236180905    1955.1133265087
18986.9346733668    19844.2211055276    20709.5477386935    19846.9011725293    497.2773640126
18826.1306532663    19725.6281407035    19632.1608040201    19394.6398659967    285.5322979257
17640.2010050251    19054.2713567839    20436.1809045226    19043.5510887772    807.1476718891
18937.6884422111    19738.6934673367    20596.9849246231    19757.7889447236    479.0927822732
18354.7738693467    19195.9798994975    19176.8844221106    18909.2127303183    277.2742308201
19056.2814070352    19751.7587939699    20590.9547738693    19799.6649916248    443.6691103919
18340.7035175879    18613.0653266332    19686.432160804 18880.067001675 410.7772373397
19118.5929648241    19768.8442211055    19168.8442211055    19352.0938023451    208.8795353326
19177.8894472362    19543.7185929648    17937.6884422111    18886.432160804 485.984815827
17586.9346733668    19372.864321608 18989.9497487437    18649.9162479062    542.8637838309
19010.0502512563    19611.0552763819    18841.2060301508    19154.1038525963    233.6168840395
18633.1658291457    19041.2060301508    18747.7386934673    18807.3701842546    121.5060182723
19043.216080402 19867.3366834171    18901.5075376884    19270.6867671692    301.1166272883
19182.9145728643    18739.6984924623    18634.1708542714    18852.2613065327    168.1097929999
17755.7788944724    19625.1256281407    19024.1206030151    18801.675041876 550.976655108
19081.4070351759    19762.8140703518    19089.4472361809    19311.2227805695    225.8075736576
18555.7788944724    19443.216080402 17880.4020100503    18626.4656616415    452.5278698276
18817.0854271357    19755.7788944724    19557.7889447236    19376.8844221106    285.6753350289
19152.7638190955    18982.9145728643    19820.1005025126    19318.5929648241    255.5024783833
18462.3115577889    19344.7236180905    19908.5427135678    19238.5259631491    420.8541296866
18935.6783919598    18544.7236180905    19194.9748743719    18891.7922948074    188.9895642766
17890.4522613065    19579.8994974874    20184.9246231156    19218.4254606365    686.5732454891
8306.5326633166 8121.608040201  8688.4422110553 8372.1943048576 166.8920136789
