489.9598393574  588.3534136546  534.1365461847  537.4832663989  28.4530271845
2141.5662650603 2121.4859437751 2126.5060240964 2129.8527443106 6.0333856684
2963.8554216868 3209.8393574297 2784.1365461847 2985.9437751004 123.3850914723
3036.1445783133 2965.8634538153 2924.6987951807 2975.5689424364 32.535560169
3726.9076305221 3288.1526104418 3282.1285140562 3432.3962516734 147.2659574125
3942.7710843374 4019.0763052209 4352.4096385542 4104.7523427042 125.7725775946
4896.5863453815 4570.281124498  4129.5180722892 4532.1285140562 222.2537214978
4754.016064257  4530.1204819277 4430.7228915663 4571.6198125837 95.6055519845
4585.3413654619 5179.718875502  5493.9759036145 5086.3453815261 266.4226829769
4758.0321285141 2109.437751004  2074.297188755  2980.5890227577 888.7794459125
7116.4658634538 6109.437751004  6189.7590361446 6471.8875502008 323.122153707
5540.1606425703 6107.4297188755 5391.5662650602 5679.718875502  218.1150280711
8620.4819277109 5487.9518072289 5584.3373493976 6564.2570281125 1028.4888869082
7766.0642570281 7422.6907630522 7759.0361445783 7649.2637215529 113.3046449974
5450.8032128514 7293.1726907631 7479.9196787149 6741.2985274431 647.4957469911
7823.2931726908 4805.2208835341 5263.0522088353 5963.8554216868 939.0658377702
11575.3012048193    7260.0401606426 7131.5261044177 8655.6224899598 1460.3106763248
8422.6907630522 9366.4658634538 9624.4979919679 9137.8848728246 365.2725493045
12573.2931726908    9173.6947791165 8853.4136546185 10200.1338688086    1190.1762909865
14590.3614457831    6081.3253012048 5871.4859437751 8847.7242302544 2871.9575078602
14573.2931726908    12342.3694779116    12683.734939759 13199.7991967872    693.7811545
1147.5903614458 14673.6947791165    14627.5100401606    10149.5983935743    4501.0237618942
6013.0522088353 10047.1887550201    10624.4979919679    8894.9129852744 1450.5358366077
13942.7710843373    8726.9076305221 8261.0441767068 10310.2409638554    1821.2370792547
14059.2369477912    14518.0722891566    14705.8232931727    14427.7108433735    192.0437178279
8865.4618473896 14637.5502008032    14713.8554216867    12738.9558232932    1936.8722473535
10719.8795180723    5056.2248995984 5120.4819277109 6965.5287817938 1877.2670143644
14312.2489959839    14436.7469879518    14425.702811245 14391.5662650602    39.7865778878
14765.0602409639    14522.0883534137    14574.297188755 14620.4819277108    73.8435443336
14793.1726907631    14616.4658634538    14691.7670682731    14700.46854083  51.1960689341
2108.4337349398 10469.8795180723    10728.9156626506    7769.0763052209 2831.3089235905
13986.9477911647    0   0   4662.3159303882 4662.3159303882
14425.702811245 4256.0240963856 4578.3132530121 7753.3467202142 3337.4750650383
14583.3333333333    14420.6827309237    14569.2771084337    14524.4310575636    52.0326206177
9607.4297188755 14549.1967871486    14501.0040160643    12885.8768406961    1639.2825954999
7853.4136546185 14549.1967871486    14547.1887550201    12316.5997322624    2231.5931141081
14605.421686747 7214.859437751  6751.0040160643 9523.7617135208 2544.3559450723
14441.7670682731    8659.6385542169 9396.5863453815 10832.6639892905    1817.0481361966
7910.6425702811 14536.1445783133    14495.983935743 12314.2570281125    2201.8377505483
11741.9678714859    14454.8192771084    14511.0441767068    13569.2771084337    913.7987735108
14491.9678714859    6043.1726907631 5655.6224899598 8730.2543507363 2883.0282580953
15332.3293172691    13947.7911646586    14536.1445783133    14605.421686747 401.1799107313
4509.0361445783 14520.0803212851    14572.2891566265    11200.46854083  3345.7501438804
15106.4257028112    15199.7991967872    14313.2530120482    14873.1593038822    281.2477816628
14676.7068273092    4705.8232931727 5825.3012048193 8402.6104417671 3153.6498320714
11510.0401606426    14918.6746987952    14411.6465863454    13613.453815261 1061.8429150193
8691.7670682731 14906.6265060241    15365.4618473896    12987.9518072289    2152.1721547504
14418.6746987952    7727.9116465864 6510.0401606426 9552.2088353414 2458.5002365392
14318.2730923695    12555.2208835341    13118.4738955823    13330.655957162 519.8891526765
5985.9437751004 14414.6586345382    15353.4136546185    11918.0053547523    2978.3849754254
14384.5381526104    14402.6104417671    13774.0963855422    14187.0816599732    206.5585305117
14452.8112449799    5959.8393574297 6676.7068273092 9029.7858099063 2719.3981193415
12596.3855421687    14419.6787148594    14521.0843373494    13845.7161981258    625.3508591193
7785.140562249  14237.9518072289    14409.6385542169    12144.2436412316    2180.1149682734
14541.1646586345    8376.5060240964 6578.3132530121 9831.9946452477 2411.126014385
15337.3493975904    11967.8714859438    13740.9638554217    13682.0615796519    973.1302512745
5169.6787148594 14489.9598393574    14581.3253012048    11413.6546184739    3122.0993591702
15163.6546184739    15231.9277108434    13877.5100401606    14757.6974564926    440.5347960859
14496.9879518072    4885.5421686747 6517.0682730924 8633.1994645248 2969.4826106601
12390.562248996 15262.0481927711    15266.0642570281    14306.2248995984    957.8320269194
6976.9076305221 14410.6425702811    14629.5180722892    12005.6894243641    2515.1846432487
12798.1927710843    8232.9317269076 5964.859437751  8998.6613119143 2009.4250802263
11936.7469879518    11551.2048192771    12014.0562248996    11834.0026773762    143.149282148
10770.0803212851    14215.8634538153    12718.875502008 12568.2730923695    997.558045671
9302.2088353414 15272.0883534137    15332.3293172691    13302.2088353414    2000.0756021904
14416.6666666667    4610.4417670683 5103.4136546185 8043.5073627845 3189.7557354221
14472.8915662651    13427.7108433735    15359.437751004 14420.0133868809    558.2679427799
5738.9558232932 12648.59437751  14453.8152610442    10947.1218206158    2655.7139907087
14333.3333333333    13574.297188755 10400.6024096386    12769.4109772423    1204.5019011551
15354.4176706827    6142.5702811245 9793.1726907631 10430.0535475234    2678.2298881543
12395.5823293173    14302.2088353414    14510.0401606426    13735.9437751004    672.860824874
7819.2771084337 15259.0361445783    14461.8473895582    12513.3868808568    2358.3099453105
14316.265060241 7185.7429718876 5703.8152610442 9068.6077643909 2658.4743592305
14268.0722891566    12815.2610441767    14413.6546184739    13832.3293172691    510.2677263786
7603.4136546185 14271.0843373494    15351.40562249  12408.6345381526    2422.7659347976
12327.3092369478    14382.5301204819    12469.8795180723    13059.906291834 662.5913560522
15345.3815261044    5476.9076305221 7589.3574297189 9470.5488621151 3000.0475085648
13980.9236947791    14302.2088353414    14413.6546184739    14232.2623828648    129.7220011422
5551.2048192771 15295.1807228916    14469.8795180723    11772.0883534137    3119.5525575867
14461.8473895582    11189.7590361446    7315.2610441767 10988.9558232932    2065.4834418538
14252.0080321285    8718.875502008  12843.3734939759    11938.0856760375    1660.1755352924
12706.8273092369    14265.0602409639    15240.9638554217    14070.9504685408    737.9523384542
8034.1365461847 14386.546184739 14463.8554216867    12294.8460508701    2130.4716451228
14407.6305220884    7405.6224899598 5303.2128514056 9038.8219544846 2752.1573749063
14425.702811245 12698.7951807229    14449.7991967872    13858.0990629183    579.6936769836
8022.0883534137 14848.3935742972    14527.1084337349    12465.8634538153    2223.8224518906
11516.0642570281    14373.4939759036    12777.1084337349    12888.8888888889    826.7602034839
15309.2369477912    5265.0602409639 7962.8514056225 9512.3828647925 3001.2307051559
14232.9317269076    14326.3052208835    14427.7108433735    14328.9825970549    56.2438213204
5237.9518072289 15266.0642570281    14494.9799196787    11666.3319946452    3221.8885062078
14302.2088353414    13562.2489959839    8661.6465863454 12175.3681392236    1769.7989061224
14426.7068273092    5822.2891566265 11069.2771084337    10439.4243641232    2503.7662778653
15077.3092369478    14392.5702811245    15357.4297188755    14942.4364123159    286.578344595
4178.7148594378 14094.3775100402    14108.4337349398    10793.8420348059    3307.5660766433
15352.4096385542    11309.2369477912    5280.1204819277 10647.2556894244    2926.3980478565
14350.4016064257    8128.5140562249 14234.9397590361    12237.9518072289    2054.9891996134
13245.983935743 15311.2449799197    14469.8795180723    14342.3694779116    599.5887209593
6204.8192771084 14286.1445783133    15040.1606425703    11843.7081659973    2827.8340346288
14414.6586345382    8373.4939759036 4105.421686747  8964.5247657296 2990.6565420388
15296.1847389558    10961.8473895582    15370.4819277108    13876.171352075 1457.3198158422
10246.9879518072    14358.4337349398    14429.718875502 13011.7135207497    1382.5159428242
9198.7951807229 15315.2610441767    14440.7630522088    12984.9397590361    1909.8302507821
14439.7590361446    5595.3815261044 5048.1927710843 8361.1111111111 3043.4259385759
15313.2530120482    13825.3012048193    14546.1847389558    14561.5796519411    429.6036536423
7652.6104417671 14319.2771084337    15141.5662650602    12371.1512717537    2371.1818809379
11492.9718875502    15284.1365461847    11909.6385542169    12895.5823293173    1200.3188760998
14345.3815261044    4121.4859437751 7566.265060241  8677.7108433735 3003.2479094155
14388.5542168675    15132.5301204819    14443.7751004016    14654.953145917 239.3199820815
6369.4779116466 14326.3052208835    15273.0923694779    11989.625167336 2823.333895587
12935.7429718876    14401.6064257028    9477.9116465864 12271.7536813922    1459.6065569066
15330.3212851406    4796.1847389558 9853.4136546185 9993.3065595716 3041.7476178484
14389.5582329317    14234.9397590361    14450.8032128514    14358.4337349398    64.2282607962
4981.9277108434 15276.1044176707    14396.5863453815    11551.5394912985    3294.6035279576
14196.7871485944    14328.313253012 8383.5341365462 12302.8781793842    1960.0398017756
15335.3413654618    4645.5823293173 10817.2690763052    10266.0642570281    3098.1503690269
14319.2771084337    14257.0281124498    15348.3935742972    14641.5662650602    353.8702060491
4773.0923694779 15260.0401606426    14426.7068273092    11486.6131191432    3365.3693087709
14282.1285140562    13563.2530120482    6618.4738955823 11487.9518072289    2443.5668496317
14339.3574297189    5371.4859437751 12357.4297188755    10689.4243641232    2719.8260449713
15106.4257028112    14301.2048192771    15357.4297188755    14921.686746988 318.590186594
3792.1686746988 14364.4578313253    14348.3935742972    10835.0066934404    3521.4220628303
15356.4257028112    13710.843373494 5582.3293172691 11549.8661311914    3021.3466655218
14449.7991967872    5041.1646586345 13545.1807228916    11012.0481927711    2996.8411858431
14072.2891566265    14954.8192771084    13923.6947791165    14316.9344042838    321.8140796023
4677.7108433735 14386.546184739 15323.2931726908    11462.5167336011    3403.1635750631
15315.2610441767    13280.1204819277    4857.4297188755 11150.93708166  3201.1261284687
14266.0642570281    5695.7831325301 14305.2208835341    11422.3560910308    2863.3087909575
14307.2289156627    15250   14401.6064257028    14652.9451137885    299.7680667128
4602.4096385542 14337.3493975904    14507.0281124498    11148.9290495315    3273.6261757311
14399.5983935743    12722.8915662651    4896.5863453815 10673.0254350736    2928.4963641135
15353.4136546185    6174.6987951807 15010.0401606426    12179.3842034806    3003.9785551042
14412.6506024096    14419.6787148594    14388.5542168675    14406.9611780455    9.4244496923
4610.4417670683 15274.0963855422    14448.7951807229    11444.4444444444    3425.2968224402
14355.421686747 12222.8915662651    4699.7991967872 10426.0374832664    2928.5533894084
14468.875502008 6702.8112449799 14318.2730923695    11829.9866131191    2563.9562992368
15331.3253012048    14312.2489959839    15365.4618473896    15003.0120481928    345.522079212
4508.0321285141 14421.686746988 14343.3734939759    11091.030789826 3291.576966163
14397.5903614458    12929.718875502 4688.7550200803 10672.0214190094    3021.4935200563
14327.3092369478    4310.2409638554 14280.1204819277    10972.5568942436    3331.1858179873
15318.2730923695    14096.3855421687    14328.313253012 14580.9906291834    374.6717179325
3770.0803212851 14306.2248995984    15366.4658634538    11147.5903614458    3701.4307377852
15341.3654618474    15245.983935743 4716.8674698795 11768.0722891566    3525.7099266875
14445.7831325301    4408.6345381526 14342.3694779116    11065.5957161981    3328.614461028
14391.5662650602    14363.453815261 14477.9116465863    14410.9772423025    34.4370842554
4446.7871485944 14366.4658634538    15128.5140562249    11313.922356091 3440.6074478478
14113.453815261 15267.0682730924    4244.9799196787 11208.500669344 3497.6502828134
14643.5742971888    3434.7389558233 14907.6305220884    10995.3145917001    3781.0562625558
14378.5140562249    15186.7469879518    14433.734939759 14666.3319946452    260.6953269229
4342.3694779117 14385.5421686747    14417.6706827309    11048.5274431058    3353.0918096068
14183.734939759 14280.1204819277    5125.5020080321 11196.452476573 3035.6027538087
15324.297188755 4308.2329317269 13798.1927710843    11143.5742971888    3445.947734185
14299.1967871486    14387.5502008032    15334.3373493976    14673.6947791165    331.3045103209
4588.3534136546 15244.9799196787    14457.8313253012    11430.3882195448    3428.5556211116
13728.9156626506    14145.5823293173    5552.2088353414 11142.2356091031    2797.6002976544
14373.4939759036    4398.59437751   13282.1285140562    10684.7389558233    3158.8225595107
15310.2409638554    14097.3895582329    15358.4337349398    14922.0214190094    412.5505686789
5337.3493975904 15287.1485943775    14479.9196787149    11701.4725568942    3190.5826176767
13598.3935742972    14393.5742971888    6054.2168674699 11348.7282463186    2657.1893767089
14446.7871485944    4959.8393574297 12752.0080321285    10719.5448460509    2921.1142023859
15338.3534136546    13688.7550200803    14397.5903614458    14474.8995983936    477.7643260049
6165.6626506024 14354.4176706827    15342.3694779116    11954.1499330656    2908.2612765351
12410.6425702811    15268.0722891566    7060.2409638554 11579.6519410977    2405.5514153372
14375.5020080321    6149.5983935743 11721.8875502008    10748.9959839357    2423.9266400045
14456.8273092369    12502.0080321285    14440.7630522088    13799.8661311914    648.9456189507
8233.9357429719 14387.5502008032    14345.3815261044    12322.2891566265    2044.2129516832
11159.6385542169    15255.0200803213    8928.7148594378 11781.124497992 1852.4954359527
14509.0361445783    7261.0441767068 10680.7228915663    10816.9344042838    2093.4231992704
14442.7710843373    11399.5983935743    14434.7389558233    13425.702811245 1013.0548623266
9660.6425702811 14368.4738955823    14448.7951807229    12825.9705488621    1582.8338285285
8736.9477911647 14195.7831325301    10230.9236947791    11054.5515394913    1628.7513562004
15335.3413654618    9898.59437751   8456.827309237  11230.2543507363    2094.3159279855
14420.6827309237    9183.734939759  15330.3212851406    12978.2463186078    1915.3413993323
11206.8273092369    14674.6987951807    14393.5742971888    13425.0334672021    1112.0681431862
7314.2570281125 14254.016064257 11559.2369477912    11042.5033467202    2019.9277281456
14258.0321285141    11622.4899598394    7132.5301204819 11004.3507362785    2080.0454154814
15273.0923694779    6989.9598393574 14461.8473895582    12241.6331994645    2636.2589917852
13244.9799196787    15263.0522088353    15315.2610441767    14607.7643908969    681.5588937299
5227.9116465864 14317.2690763052    13245.983935743 10930.3882195448    2867.9604984468
14384.5381526104    13528.1124497992    5444.7791164659 11119.1432396252    2847.933309013
15224.8995983936    4917.6706827309 14432.7309236948    11525.1004016064    3311.6198664552
14416.6666666667    14343.3734939759    15301.2048192771    14687.0816599732    307.7896540311
4138.5542168675 15287.1485943775    14455.8232931727    11293.8420348059    3585.6837217496
14429.718875502 14386.546184739 4226.9076305221 11014.390896921 3393.7645169262
14086.3453815261    4094.3775100402 14210.843373494 10797.1887550201    3351.5983190548
15237.9518072289    14364.4578313253    14235.9437751004    14612.7844712182    314.7774950516
4228.9156626506 15247.9919678715    15342.3694779116    11606.4257028112    3688.8556298263
14185.7429718876    14150.6024096386    4156.6265060241 10830.9906291834    3337.1974794811
14459.8393574297    4160.6425702811 14445.7831325301    11022.0883534137    3430.7252911746
15289.156626506 14195.7831325301    14408.6345381526    14631.1914323963    334.6715194106
5400.6024096386 14294.1767068273    15289.156626506 11661.311914324 3143.5043548395
13051.2048192771    15253.0120481928    4610.4417670683 10971.5528781794    3243.4441413541
14408.6345381526    5828.3132530121 14066.265060241 11434.4042838019    2804.7873775017
14387.5502008032    12546.1847389558    14477.9116465863    13803.8821954485    629.3895102325
8610.4417670683 14402.6104417671    14447.7911646586    12486.9477911647    1938.2968933725
10777.1084337349    15255.0200803213    7481.9277108434 11171.3520749665    2252.5402166293
14368.4738955823    8164.6586345382 10866.4658634538    11133.1994645248    1795.8462312372
14414.6586345382    10089.3574297189    15345.3815261044    13283.1325301205    1619.3322511847
10934.7389558233    14228.9156626506    14373.4939759036    13179.0495314592    1122.9311632359
7522.0883534137 14020.0803212851    9897.5903614458 10479.9196787149    1898.2716243067
15305.2208835341    12104.4176706827    8694.7791164659 12034.8058902276    1908.5875614298
14326.3052208835    7065.2610441767 15350.4016064257    12247.3226238287    2607.8417010495
13441.7670682731    14420.6827309237    14404.6184738956    14089.0227576975    323.6610679438
4967.8714859438 14299.1967871486    12220.8835341365    10495.983935743 2828.41928396
14575.3012048193    14936.7469879518    6302.2088353414 11938.0856760375    2819.8694760667
14533.1325301205    3436.7469879518 14044.1767068273    10671.3520749665    3620.0553643592
14441.7670682731    15251.0040160643    15380.5220883534    15024.4310575636    293.7213680085
4076.3052208835 14402.6104417671    14451.8072289157    10976.9076305221    3450.3304331082
14458.8353413655    14337.3493975904    4061.2449799197 10952.4765729585    3445.7942654927
15363.453815261 4131.5261044177 14324.297188755 11273.0923694779    3583.3614648022
14375.5020080321    14527.1084337349    15303.2128514056    14735.2744310576    287.3219240151
4563.2530120482 14409.6385542169    14456.8273092369    11143.2396251673    3290.0215078461
13911.6465863454    14335.3413654618    4109.437751004  10785.4752342704    3340.258806088
14409.6385542169    6708.8353413655 14348.3935742972    11822.2891566265    2556.7880356349
15034.1365461847    11311.2449799197    14359.437751004 13568.2730923695    1145.1981693643
7510.0401606426 15241.9678714859    15028.1124497992    12593.3734939759    2542.4162961429
10853.4136546185    14334.3373493976    6357.4297188755 10515.0602409639    2308.9410351118
14303.2128514056    10007.0281124498    12006.0240963855    12105.421686747 1241.1971020667
15293.1726907631    8173.6947791165 14321.2851405623    12596.0508701473    2228.9060395529
10624.4979919679    15281.124497992 14831.3253012048    13578.9825970549    1482.937882564
7687.7510040161 14401.6064257028    9939.7590361446 10676.3721552878    1972.8078822919
14439.7590361446    13239.9598393574    8869.4779116466 12183.0655957162    1692.6091331793
14391.5662650602    4848.3935742972 14476.9076305221    11238.9558232932    3195.3760958028
14575.3012048193    14408.6345381526    14423.6947791165    14469.2101740295    53.2233746425
4676.7068273092 15264.0562248996    13191.7670682731    11044.1767068273    3239.4495461984
14442.7710843373    14254.016064257 5234.9397590362 11310.5756358768    3038.3065785273
14418.6746987952    3886.546184739  15350.4016064257    11218.5408299866    3675.8508251404
15320.281124498 14292.1686746988    14434.7389558233    14682.3962516734    321.5869009039
3179.718875502  14966.8674698795    14497.9919678715    10881.5261044177    3853.2815885783
15064.2570281125    14645.5823293173    3942.7710843374 11217.5368139224    3639.390262169
14394.578313253 5711.8473895582 15347.3895582329    11817.9384203481    3065.4104170219
14351.40562249  12526.1044176707    14335.3413654618    13737.6171352075    605.7741090686
6573.2931726908 14366.4658634538    14436.7469879518    11792.1686746988    2609.5166211523
12621.4859437751    15284.1365461847    4725.9036144578 10877.1753681392    3170.2279202163
14422.6907630522    8975.9036144578 13700.8032128514    12366.4658634538    1708.0412448203
14268.0722891566    9214.859437751  15327.3092369478    12936.7469879518    1885.8977464457
9940.7630522088 14354.4176706827    14402.6104417671    12899.2637215529    1479.3157532767
8352.4096385542 14389.5582329317    7858.4337349398 10200.1338688086    2099.5603051885
15295.1807228916    13285.140562249 10459.8393574297    13013.3868808568    1402.4406199728
14313.2530120482    5728.9156626506 15339.3574297189    11793.8420348059    3046.8957696722
13375.5020080321    14316.265060241 14411.6465863454    14034.4712182062    330.6330916331
4776.1044176707 14312.2489959839    11088.3534136546    10058.9022757697    2800.5559322268
15337.3493975904    15243.9759036145    7092.3694779117 12557.8982597055    2732.8973209646
14197.7911646586    3032.1285140562 14268.0722891566    10499.3306559572    3733.6561942294
14196.7871485944    15260.0401606426    15362.4497991968    14939.7590361446    372.6604141327
3942.7710843374 13963.8554216867    13920.6827309237    10609.1030789826    3333.1892969262
14271.0843373494    14430.7228915663    3837.3493975904 10846.3855421687    3504.8210545857
15317.2690763052    6388.5542168675 14435.7429718876    12047.1887550201    2840.7382077829
14310.2409638554    12621.4859437751    15014.0562248996    13981.9277108434    709.9155657794
6518.0722891566 14343.3734939759    14778.1124497992    11879.8527443106    2683.8260454608
11780.1204819277    14342.3694779116    4321.2851405623 10147.9250334672    3005.7488978372
15309.2369477912    10176.7068273092    13958.8353413655    13148.2597054886    1536.0654288931
14337.3493975904    7962.8514056225 14403.6144578313    12234.6050870147    2135.9624997035
10215.8634538153    15244.9799196787    15338.3534136546    13599.7322623829    1692.1491007534
7851.40562249   14394.578313253 7755.0200803213 10000.3346720214    2197.2979942847
14331.3253012048    14024.0963855422    10339.3574297189    12898.2597054886    1282.5213506162
15331.3253012048    4069.2771084337 14430.7228915663    11277.1084337349    3613.2808491986
14066.265060241 15266.0642570281    14474.8995983936    14602.4096385542    352.171187497
4100.4016064257 14335.3413654618    12409.6385542169    10281.7938420348    3140.291404055
14412.6506024096    13906.6265060241    6862.4497991968 11727.2423025435    2436.7785887653
14956.8273092369    3975.9036144578 14379.5180722892    11104.0829986613    3567.9839073256
14773.0923694779    14030.1204819277    14103.4136546185    14302.2088353414    236.3905309239
3966.8674698795 15241.9678714859    15366.4658634538    11525.1004016064    3779.2873545675
13918.6746987952    14358.4337349398    2970.8835341366 10415.9973226238    3724.7208618056
14203.8152610442    8013.0522088354 15295.1807228916    12504.016064257 2267.4756085315
14393.5742971888    10228.9156626506    14271.0843373494    12964.5247657296    1368.2615272919
8494.9799196787 15262.0481927711    14439.7590361446    12732.2623828648    2131.897579536
9241.967871486  14418.6746987952    5829.3172690763 9829.9866131192 2496.904069326
14013.0522088353    11613.453815261 13325.3012048193    12983.9357429719    713.4227116555
14969.8795180723    6384.5381526105 14392.5702811245    11915.6626506024    2770.5790699167
13602.4096385542    14293.1726907631    14417.6706827309    14104.4176706827    253.5639207657
4397.5903614458 15250   9582.3293172691 9743.3065595716 3133.8546017724
14431.7269076305    14236.9477911647    8613.4538152611 12427.3761713521    1907.7899543513
14341.3654618474    3796.1847389558 15342.3694779116    11159.9732262383    3693.2162101218
15284.1365461847    14293.1726907631    14333.3333333333    14636.8808567604    323.8354339898
3566.265060241  14930.7228915663    13467.8714859438    10654.953145917 3569.4120730048
14047.1887550201    14208.8353413655    4481.9277108434 10912.6506024096    3215.7000319166
14240.9638554217    6138.5542168675 15361.4457831325    11913.6546184739    2905.610000445
15262.0481927711    11874.4979919679    14363.453815261 13833.3333333333    1013.1871963857
8301.2048192771 14535.140562249 14473.8955823293    12436.7469879518    2067.8466665073
9489.9598393574 14922.6907630522    3881.5261044177 9431.3922356091 3187.4442153512
14372.4899598394    10536.1445783133    14234.9397590361    13047.8580990629    1256.4843310036
14337.3493975904    7566.265060241  15339.3574297189    12414.3239625167    2441.2265608408
13760.0401606426    14294.1767068273    14158.6345381526    14070.9504685408    160.303706071
5327.3092369478 15240.9638554217    7283.1325301205 9283.8018741633 3031.6192231073
14422.6907630522    14269.0763052209    10978.9156626506    13223.5609103079    1123.1983449487
14372.4899598394    3746.9879518072 15315.2610441767    11144.9129852744    3708.961014892
15306.2248995984    14403.6144578313    14484.9397590361    14731.593038822 288.2734712725
3020.0803212851 14497.9919678715    11199.7991967872    9572.6238286479 3411.8122604036
15118.4738955823    15131.5261044177    6974.8995983936 12408.2998661312    2716.7027467212
14415.6626506024    4684.7389558233 14358.4337349398    11152.9451137885    3234.1452741877
14227.9116465863    13286.1445783133    15374.4979919679    14296.1847389558    603.8214157726
7616.4658634538 14302.2088353414    14428.7148594378    12115.796519411 2249.9617187307
11356.4257028112    15283.1325301205    3773.0923694779 10137.5502008032    3378.091139581
14373.4939759036    9198.7951807229 14442.7710843373    12671.686746988 1736.5609407403
14416.6666666667    8798.1927710843 14345.3815261044    12520.0803212851    1861.0575483732
11717.8714859438    14217.8714859438    15260.0401606426    13731.9277108434    1051.0067783517
6428.7148594378 14504.016064257 5090.3614457831 8674.3641231593 2940.3190745631
15321.2851405622    14502.0080321285    13070.281124498 14297.8580990629    657.7772334315
14402.6104417671    4331.3253012048 14421.686746988 11051.8741633199    3360.278943402
14253.0120481928    14396.5863453815    15343.3734939759    14664.3239625167    342.0451209682
3668.6746987952 14339.3574297189    9183.734939759  9063.922356091  3080.943241791
15159.6385542169    15254.016064257 8909.6385542169 13107.7643908969    2099.2397182513
13970.8835341365    3715.8634538153 14411.6465863454    10699.4645247657    3494.1179600239
14307.2289156627    14416.6666666667    14341.3654618474    14355.0870147256    32.3283471907
6560.2409638554 14135.5421686747    14424.6987951807    11706.827309237 2574.6466519061
11163.6546184739    14420.6827309237    4398.59437751   9994.3105756359 2951.6146913623
15296.1847389558    9096.3855421687 14455.8232931727    12949.4645247657    1941.7530802935
14442.7710843373    9812.2489959839 14404.6184738956    12886.546184739 1537.1880506313
11124.4979919679    14336.3453815261    15310.2409638554    13590.3614457831    1264.5789919925
6925.702811245  14358.4337349398    3594.3775100402 8292.8380187416 3181.6149258871
15322.2891566265    13620.4819277108    14563.2530120482    14502.0080321285    492.2229074215
14397.5903614458    4415.6626506024 14453.8152610442    11089.0227576975    3336.7195291713
14374.4979919679    15016.0642570281    14463.8554216867    14618.1392235609    200.6277122404
3726.9076305221 14271.0843373494    8765.0602409639 8921.0174029451 3044.8403123689
14451.8072289157    14432.7309236948    10373.4939759036    13086.0107095047    1356.2695465755
15139.5582329317    3930.7228915663 14475.9036144578    11182.0615796519    3630.7273807577
14180.7228915663    14910.6425702811    14370.4819277108    14487.2824631861    218.6530418717
5870.4819277109 14348.3935742972    12857.4297188755    11025.4350736278    2613.165370261
12183.734939759 14304.2168674699    5399.5983935743 10629.1834002677    2685.4875664152
15359.437751004 8431.7269076305 15297.1887550201    13029.4511378849    2298.932346944
14416.6666666667    9741.967871486  14449.7991967872    12869.4779116466    1563.784270034
10323.2931726908    15058.2329317269    14437.7510040161    13273.0923694779    1485.7361734932
7740.9638554217 14309.2369477912    3763.0522088354 8604.4176706827 3074.8803502664
14271.0843373494    12939.7590361446    15129.5180722892    14113.453815261 637.0234677034
15302.2088353414    5166.6666666667 14649.5983935743    11706.1579651941    3275.1684399337
14409.6385542169    15210.843373494 14343.3734939759    14654.6184738956    278.7695396752
3630.5220883534 14353.4136546185    6851.40562249   8278.4471218206 3176.6038713317
14316.265060241 14340.3614457831    11369.4779116466    13342.0348058902    986.3029765611
15323.2931726908    3767.0682730924 15284.1365461847    11458.1659973226    3845.5654748075
14414.6586345382    14372.4899598394    14359.437751004 14382.1954484605    16.6631717329
5054.2168674699 14941.7670682731    11378.5140562249    10458.1659973226    2891.1469843585
12729.9196787149    14388.5542168675    6652.6104417671 11257.0281124498    2351.4721415431
14471.8875502008    7809.2369477912 14530.1204819277    12270.4149933066    2230.6523660076
15323.2931726908    10138.5542168675    15291.1646586345    13584.3373493976    1722.9165299646
9648.59437751   14986.9477911647    14068.2730923695    12901.2717536814    1647.8191026975
8206.827309237  14059.2369477912    3760.0401606426 8675.3681392236 2982.337533833
14348.3935742972    13085.3413654618    14486.9477911647    13973.5609103079    445.9072353595
15350.4016064257    4877.5100401607 15195.7831325301    11807.8982597055    3465.4815621749
14413.6546184739    15070.281124498 14452.8112449799    14645.5823293173    212.6500335612
3482.9317269076 14620.4819277108    6126.5060240964 8076.639892905  3359.7382188974
14439.7590361446    14259.0361445783    12004.016064257 13567.6037483266    783.5326041322
14399.5983935743    3850.4016064257 14375.5020080321    10875.1673360107    3512.3897527473
15306.2248995984    14106.4257028112    15354.4176706827    14922.3560910308    408.2023332496
4795.1807228916 15240.9638554217    10571.2851405623    10202.4765729585    3021.071064629
13321.2851405623    14351.40562249  7501.0040160643 11724.5649263722    2132.61475847
14376.5060240964    8294.1767068273 14338.3534136546    12336.3453815261    2021.1143462175
15328.313253012 9596.3855421687 15345.3815261044    13423.360107095 1913.4936261484
9230.9236947791 15196.7871485944    14357.4297188755    12928.3801874163    1864.5391396549
8851.40562249   14429.718875502 3656.6265060241 8979.250334672  3110.58076052
14335.3413654618    13191.7670682731    14460.843373494 13995.983935743 403.7372354834
14365.4618473896    4784.1365461847 14358.4337349398    11169.344042838 3192.6043929724
14825.3012048193    14348.3935742972    15324.297188755 14832.6639892905    281.7431597066
4138.5542168675 15228.9156626506    5336.3453815261 8234.6050870147 3514.2074137171
14398.59437751  14214.859437751 12918.6746987952    13844.0428380187    465.7142460206
14422.6907630522    3845.3815261044 14312.2489959839    10860.1070950469    3507.5076836057
15273.0923694779    14133.5341365462    15177.7108433735    14861.4457831325    364.995859706
4006.0240963856 15212.8514056225    9988.9558232932 9735.9437751004 3237.6048712571
14110.4417670683    14429.718875502 7966.8674698795 12169.0093708166    2103.0915247718
14409.6385542169    8593.3734939759 14391.5662650602    12464.859437751 1935.7500020703
14409.6385542169    9285.140562249  14498.9959839357    12731.2583668005    1723.2519770961
9478.9156626506 14336.3453815261    15251.0040160643    13022.0883534137    1791.1546221977
9264.0562248996 15256.0240963855    3720.8835341366 9413.6546184739 3330.7482496295
14391.5662650602    13479.9196787149    14271.0843373494    14047.5234270415    285.9250980368
14389.5582329317    4526.1044176707 14421.686746988 11112.4497991968    3293.1857511087
14377.5100401606    14263.0522088353    15347.3895582329    14662.6506024096    343.9601367428
3214.859437751  15082.3293172691    4978.9156626506 7758.7014725569 3697.0536555945
15332.3293172691    14211.8473895582    13133.5341365462    14225.9036144578    634.7764028345
14389.5582329317    4324.297188755  14484.9397590361    11066.265060241 3371.0963841651
14364.4578313253    13543.1726907631    14320.281124498 14075.9705488621    266.7039954411
5197.7911646586 14353.4136546185    10495.983935743 10015.7295850067    2653.8863939335
13798.1927710843    15265.0602409639    8525.1004016064 12529.4511378849    2046.4639143246
14341.3654618474    9252.0080321285 14385.5421686747    12659.6385542169    1703.8629861443
14369.4779116466    8713.8554216868 14502.0080321285    12528.4471218206    1907.6795186174
9970.8835341366 14344.3775100402    15074.297188755 13129.8527443106    1593.477385831
8098.3935742972 15268.0722891566    3044.1767068273 8803.5475234271 3546.3049958561
15322.2891566265    14074.297188755 15360.4417670683    14919.0093708166    422.4996679736
14358.4337349398    3701.8072289157 14387.5502008032    10815.9303882195    3557.0715102199
14300.2008032129    14258.0321285141    14435.7429718876    14331.3253012048    53.6091930691
3624.4979919679 14348.3935742972    5308.2329317269 7760.374832664  3329.6763627478
15335.3413654618    15279.1164658635    12918.6746987952    14511.0441767068    796.3501586346
14227.9116465863    4843.3734939759 15041.1646586345    11370.8165997323    3272.154246546
14365.4618473896    12958.8353413655    14383.5341365462    13902.6104417671    471.9163880789
5304.2168674699 14362.4497991968    10138.5542168675    9935.0736278447 2616.8651235105
12684.7389558233    15262.0481927711    7880.5220883534 11942.4364123159    2162.9448834959
15309.2369477912    9890.562248996  15348.3935742972    13516.0642570281    1812.7862457217
14375.5020080321    8137.5502008032 14473.8955823293    12328.9825970549    2095.9086711279
10173.6947791165    14359.437751004 14451.8072289157    12994.9799196787    1410.8945641425
7709.8393574297 14398.59437751  3664.6586345382 8591.030789826  3129.7879528257
15329.3172690763    15215.8634538153    14335.3413654618    14960.1740294511    314.1283365868
14261.0441767068    3586.3453815261 15350.4016064257    11065.9303882195    3752.990754349
14300.2008032129    14164.6586345382    14353.4136546185    14272.7576974565    56.190027115
3626.5060240964 14407.6305220884    5251.0040160643 7761.7135207497 3355.8857759162
14479.9196787149    15300.2008032129    12744.9799196787    14175.0334672021    753.2164678652
15320.281124498 5416.6666666667 15340.3614457831    12025.7697456493    3304.5566236279
14038.1526104418    12558.2329317269    14411.6465863454    13669.344042838 565.9211851589
6013.0522088353 13998.9959839357    9935.7429718876 9982.5970548862 2305.4624245898
12011.0441767068    14304.2168674699    7856.4257028113 11390.562248996 1886.9950620607
15331.3253012048    11694.7791164659    14446.7871485944    13824.297188755 1094.9486062537
14432.7309236948    7027.1084337349 15338.3534136546    12266.0642570281    2632.4913176428
10874.4979919679    14255.0200803213    14402.6104417671    13177.3761713521    1152.2270697091
7007.0281124498 14347.3895582329    3612.4497991968 8322.2891566265 3167.9208017394
14376.5060240964    15284.1365461847    14344.3775100402    14668.3400267738    308.0379172239
15345.3815261044    2678.7148594378 15369.4779116466    11131.1914323963    4226.2440109889
14345.3815261044    15155.6224899598    14313.2530120482    14604.7523427042    275.5911825555
3604.4176706827 14395.5823293173    5475.9036144578 7825.3012048193 3329.2672091937
14360.4417670683    14361.4457831325    12553.2128514056    13758.3668005355    602.5770442689
15353.4136546185    7500    14421.686746988 12425.0334672021    2477.1620016595
14406.6265060241    11257.0281124498    15374.4979919679    13679.3842034806    1242.9870711504
6226.9076305221 14364.4578313253    10282.1285140562    10291.1646586345    2349.11274432
11723.8955823293    14178.7148594378    7861.4457831325 11254.6854082999    1838.6671609412
14354.4176706827    12819.2771084337    14388.5542168675    13854.0829986613    517.4967789863
15337.3493975904    4919.6787148594 15392.5702811245    11883.1994645248    3481.7968665503
11186.7469879518    15253.0120481928    14173.6947791165    13537.8179384204    1216.1253228231
6695.7831325301 14394.578313253 3713.8554216868 8268.0722891566 3181.9035322503
14345.3815261044    14351.40562249  14468.875502008 14388.5542168675    40.1982755405
15349.3975903614    3759.0361445783 14403.6144578313    11170.6827309237    3715.8671161255
14391.5662650602    15050.2008032129    15374.4979919679    14938.7550200803    289.1676658238
3709.8393574297 14393.5742971888    5447.7911646586 7850.4016064257 3309.8313535548
14245.983935743 14333.3333333333    12669.6787148594    13749.6653279786    540.5817214515
14394.578313253 8776.1044176707 14463.8554216867    12544.8460508701    1884.4769347484
15291.1646586345    9025.1004016064 15381.5261044177    13232.5970548862    2103.9100395249
6881.5261044177 15283.1325301205    10108.4337349398    10757.6974564926    2446.9644574586
10963.8554216867    14239.9598393574    8027.1084337349 11076.9745649264    1794.3873237136
14460.843373494 14110.4417670683    14496.9879518072    14356.0910307898    123.2670248019
15341.3654618474    3694.7791164659 14460.843373494 11165.6626506024    3744.080010385
11765.0602409639    15012.0481927711    15083.3333333333    13953.4805890228    1094.4036591778
6204.8192771084 14386.546184739 3407.6305220884 7999.6653279786 3293.9465458951
14448.7951807229    14335.3413654618    14856.4257028112    14546.8540829987    158.2128133184
14420.6827309237    5194.7791164659 14452.8112449799    11356.0910307898    3080.6699184618
15344.3775100402    12745.983935743 14450.8032128514    14180.3882195448    762.1800953386
3614.4578313253 15247.9919678715    5881.5261044177 8247.9919678715 3560.6600342594
14324.297188755 14290.1606425703    13068.2730923695    13894.2436412316    413.102826843
14431.7269076305    10279.1164658635    14343.3734939759    13018.0722891566    1369.715400231
15338.3534136546    7552.2088353414 14524.0963855422    12471.5528781794    2470.8779131996
7157.6305220884 15270.0803212851    10857.4297188755    11095.046854083 2344.8743294919
10892.5702811245    14301.2048192771    7327.3092369478 10840.3614457831    2013.3594827364
14382.5301204819    14285.140562249 15279.1164658635    14648.9290495315    316.3454421412
14434.7389558233    3565.2610441767 14408.6345381526    10802.8781793842    3618.816413647
12993.9759036145    14228.9156626506    14367.4698795181    13863.453815261 436.5750019122
5915.6626506024 15241.9678714859    3676.7068273092 8278.1124497992 3541.4070906577
14375.5020080321    14339.3574297189    15374.4979919679    14696.452476573 339.1832829733
14286.1445783133    6520.0803212851 14491.9678714859    11766.0642570281    2623.6648285403
15329.3172690763    11343.3734939759    14521.0843373494    13731.2583668005    1216.5258926386
2893.5742971888 15279.1164658635    5886.546184739  8019.7456492637 3731.0998677598
15050.2008032129    14323.2931726908    12153.6144578313    13842.3694779116    870.061073376
14325.3012048193    11740.9638554217    15366.4658634538    13810.9103078983    1077.7313670681
14392.5702811245    6118.4738955823 14416.6666666667    11642.5702811245    2762.0569518941
8856.4257028113 14394.578313253 10797.1887550201    11349.3975903614    1622.3937594912
9938.7550200803 15246.9879518072    7311.2449799197 10832.3293172691    2334.0137387066
14420.6827309237    14253.0120481928    15352.4096385542    14675.3681392236    341.9635742414
14393.5742971888    3609.437751004  13807.2289156627    10603.4136546185    3501.0819485727
13849.3975903614    13922.6907630522    14381.5261044177    14051.2048192771    166.5103458782
4130.5220883534 15282.1285140562    3631.5261044177 7681.3922356091 3803.0971251018
15315.2610441767    14196.7871485944    14497.9919678715    14670.0133868809    334.1354466995
14292.1686746988    8288.1526104418 15395.5823293173    12658.6345381526    2208.3338088278
14097.3895582329    9285.140562249  14135.5421686747    12506.0240963855    1610.4794276628
4802.2088353414 14658.6345381526    6927.7108433735 8796.1847389558 2994.7553006667
14103.4136546185    15015.0602409639    11122.4899598394    13413.6546184739    1175.4221219532
14299.1967871486    13706.8273092369    15370.4819277108    14458.8353413655    486.8435831581
14268.0722891566    4315.2610441767 14445.7831325301    11009.7054886212    3347.6153254109
9926.7068273092 14344.3775100402    11643.5742971888    11971.5528781794    1285.7722747382
8030.1204819277 15278.1124497992    6515.0602409639 9941.0977242303 2704.1108531975
15310.2409638554    14410.6425702811    14487.9518072289    14736.2784471218    287.8477071246
14400.6024096386    4432.7309236948 15353.4136546185    11395.5823293173    3492.2741916849
14264.0562248996    13412.6506024096    14488.9558232932    14055.2208835341    327.7790831122
3675.702811245  14403.6144578313    3619.4779116466 7232.9317269076 3585.3781032833
15297.1887550201    15106.4257028112    14335.3413654618    14912.9852744311    294.024942082
14415.6626506024    9780.1204819277 15299.1967871486    13164.9933065596    1711.5471725712
14363.453815261 8090.3614457831 14338.3534136546    12264.0562248996    2086.8599689053
5614.4578313253 14396.5863453815    6955.8232931727 8988.9558232932 2731.4017294621
12363.453815261 15262.0481927711    11207.8313253012    12944.4444444444    1205.8649987345
15250   14277.1084337349    14445.7831325301    14657.6305220884    300.1605055491
14406.6265060241    3584.3373493976 15383.5341365462    11124.8326639893    3780.7798720051
10748.9959839357    14335.3413654618    11773.0923694779    12285.8099062918    1066.556414091
7118.4738955823 14421.686746988 6308.2329317269 9282.7978580991 2580.0682719737
15335.3413654618    15145.5823293173    14489.9598393574    14990.2945113789    256.0945209421
14350.4016064257    5846.3855421687 14488.9558232932    11561.9143239625    2858.044276505
14353.4136546185    12205.8232931727    15329.3172690763    13962.8514056225    922.5793203716
3434.7389558233 14325.3012048193    3686.7469879518 7148.9290495315 3588.9234688347
14352.4096385542    15270.0803212851    14412.6506024096    14678.3801874163    296.3607203768
15327.3092369478    10783.1325301205    14477.9116465863    13529.4511378849    1394.8797425038
14339.3574297189    7313.2530120482 15342.3694779116    12331.6599732262    2525.8539554776
6790.1606425703 14395.5823293173    6873.4939759036 9353.0789825971 2521.3664359083
10983.9357429719    14276.1044176707    11162.6506024096    12140.8969210174    1068.8495436012
15302.2088353414    15233.9357429719    14441.7670682731    14992.6372155288    276.1393024897
14047.1887550201    3321.2851405623 14367.4698795181    10578.6479250335    3629.8590853617
12411.6465863454    14429.718875502 12801.2048192771    13214.1900937082    618.080784563
5450.8032128514 14319.2771084337    6019.0763052209 8596.3855421687 2866.144302386
14410.6425702811    15259.0361445783    14544.1767068273    14737.9518072289    263.3783757125
15322.2891566265    6926.7068273092 14419.6787148594    12222.8915662651    2660.8805556468
14378.5140562249    10872.4899598394    15359.437751004 13536.8139223561    1361.9250415834
3807.2289156627 14283.1325301205    2935.7429718876 7008.7014725569 3645.905573196
14225.9036144578    14588.3534136546    15200.8032128514    14671.686746988 284.4970064695
15276.1044176707    13011.0441767068    14447.7911646586    14244.9799196787    661.6831504118
14320.281124498 5585.3413654619 14455.8232931727    11453.8152610442    2934.4978171867
8330.3212851406 14362.4497991968    8101.40562249   10264.7255689424    2049.927518683
9601.40562249   14079.3172690763    10942.7710843374    11541.1646586345    1326.8357510733
14291.1646586345    15276.1044176707    14474.8995983936    14680.7228915663    302.3789031672
15306.2248995984    3444.7791164659 14324.297188755 11025.1004016064    3800.7454793675
13534.1365461847    14395.5823293173    12978.9156626506    13636.2115127175    412.1288573596
4331.3253012048 14313.2530120482    5137.5502008032 7927.3761713521 3201.4094247996
14273.0923694779    14876.5060240964    15363.453815261 14837.6840696118    315.3581977821
15336.3453815261    9156.6265060241 14367.4698795181    12953.4805890228    1918.9194555171
14388.5542168675    9197.7911646586 14441.7670682731    12676.0374832664    1739.1909988622
4488.9558232932 14235.9437751004    3828.3132530121 7517.7376171352 3364.5124776659
13345.3815261044    14319.2771084337    15116.4658634538    14260.374832664 512.1155602235
14350.4016064257    14965.8634538153    14440.7630522088    14585.6760374833    191.8750907699
15360.4417670683    3717.8714859438 14426.7068273092    11168.3400267738    3734.9732860649
9736.9477911647 14369.4779116466    8502.0080321285 10869.4779116466    1785.9422398379
8389.5582329317 14246.9879518072    9495.983935743  10710.843373494 1796.6898561903
14404.6184738956    15265.0602409639    14812.2489959839    14827.3092369478    248.502258053
15319.2771084337    5158.6345381526 14295.1807228916    11591.030789826 3229.7566732716
14379.5180722892    12621.4859437751    14176.7068273092    13725.9036144578    555.3037888579
3508.0321285141 14268.0722891566    3794.1767068273 7190.093708166  3539.9531670464
14463.8554216867    14307.2289156627    15099.3975903614    14623.4939759036    242.2093813817
14054.2168674699    11613.453815261 14376.5060240964    13348.0589022758    872.2783731972
15338.3534136546    6939.7590361446 13872.4899598394    12050.2008032129    2590.0225357613
5864.4578313253 14393.5742971888    5526.1044176707 8594.7121820616 2901.0757849934
12341.3654618474    14381.5261044177    12629.5180722892    13117.4698795181    637.4785189862
14440.7630522088    15277.1084337349    15297.1887550201    15005.0200803213    282.1880579545
15329.3172690763    2673.6947791165 14345.3815261044    10782.7978580991    4064.4883624612
10655.6224899598    15143.5742971888    10430.7228915663    12076.639892905 1534.8409187355
7218.875502008  14391.5662650602    7583.3333333333 9731.2583668005 2332.5279317827
14461.8473895582    14374.4979919679    15417.6706827309    14751.3386880857    334.1188534194
14435.7429718876    7812.2489959839 14497.9919678715    12248.6613119143    2218.2789433913
15359.437751004 10990.9638554217    14492.9718875502    13614.4578313253    1335.381500338
3568.2730923695 14337.3493975904    3592.3694779117 7165.9973226238 3585.6827846448
14443.7751004016    14420.6827309237    14325.3012048193    14396.5863453815    36.2605976728
14465.8634538153    13085.3413654618    15365.4618473896    14305.5555555556    663.0764962682
15366.4658634538    4773.0923694779 14493.9759036145    11544.5113788487    3395.0648610818
6158.6345381526 15287.1485943775    5610.4417670683 9018.7416331995 3138.1960424091
11858.4337349398    14246.9879518072    12513.0522088353    12872.8246318608    712.5950133154
14389.5582329317    14392.5702811245    14531.124497992 14437.7510040161    46.6948431897
14394.578313253 4091.3654618474 15265.0602409639    11250.3346720214    3588.2941541807
12172.6907630522    14777.1084337349    10411.6465863454    12453.8152610442    1268.0151842916
6683.734939759  14170.6827309237    7736.9477911647 9530.4551539491 2339.9500209889
14410.6425702811    14330.3212851406    14345.3815261044    14362.1151271754    24.650133639
14454.8192771084    9560.2409638554 15351.40562249  13122.1552878179    1799.6658955779
15374.4979919679    8313.2530120482 14480.9236947791    12722.8915662651    2219.857569776
2780.1204819277 15301.2048192771    3616.4658634538 7232.5970548862 4041.5216540717
15165.6626506024    14431.7269076305    14391.5662650602    14662.9852744311    251.605927122
14406.6265060241    14287.1485943775    14463.8554216867    14385.8768406961    52.0552179992
13961.8473895582    3558.2329317269 15377.5100401606    10965.8634538153    3726.2925117293
8372.4899598394 15323.2931726908    5922.6907630522 9872.8246318608 2815.4978548549
10648.59437751  14422.6907630522    12111.4457831325    12394.2436412316    1098.6251792202
14204.8192771084    14424.6987951807    14388.5542168675    14339.3574297189    68.073473826
14429.718875502 5419.6787148594 15105.421686747 11651.6064257028    3122.0631969455
13489.9598393574    12171.686746988 11273.0923694779    12311.5796519411    643.7657087778
4491.967871486  15304.2168674699    6859.437751004  8885.2074966533 3281.462549158
15335.3413654618    14390.562248996 14413.6546184739    14713.1860776439    311.1490618133
14475.9036144578    10872.4899598394    14404.6184738956    13251.0040160643    1189.4350521096
14457.8313253012    6964.859437751  15354.4176706827    12259.0361445783    2659.7115771587
3941.7670682731 15331.3253012048    3561.2449799197 7611.4457831325 3861.5024750778
14963.8554216867    14347.3895582329    14448.7951807229    14586.6800535475    190.8461149865
14434.7389558233    14403.6144578313    14379.5180722892    14405.9571619813    15.983874078
14438.7550200803    3546.1847389558 15376.5060240964    11120.4819277108    3796.8112789581
8832.3293172691 14353.4136546185    6887.5502008032 10024.4310575636    2236.1133839144
9081.3253012048 15322.2891566265    11193.7751004016    11865.796519411 1832.6771903307
15367.4698795181    14289.156626506 14466.8674698795    14707.8313253012    333.7851367872
14392.5702811245    7102.4096385542 14370.4819277108    11955.1539491299    2426.3805336143
13851.40562249  10790.1606425703    12834.3373493976    12491.9678714859    900.1329256143
4227.9116465864 15307.2289156627    6061.2449799197 8532.1285140562 3428.6424362354
15323.2931726908    14394.578313253 14508.0321285141    14741.9678714859    292.5020064974
14460.843373494 12438.7550200803    14534.1365461847    13811.2449799197    686.5710668935
14231.9277108434    5365.4618473896 15365.4618473896    11654.2838018742    3161.3913651579
4570.281124498  14306.2248995984    2857.4297188755 7244.6452476573 3565.2440482136
13318.2730923695    15291.1646586345    15143.5742971888    14584.3373493976    634.4642768749
15349.3975903614    14353.4136546185    14449.7991967872    14717.5368139224    317.1532614717
14439.7590361446    3747.9919678715 14497.9919678715    10895.2476572959    3573.6673826799
9689.7590361446 14163.6546184739    8139.5582329317 10664.3239625167    1805.9869796838
8248.9959839358 15194.7791164659    10559.2369477912    11334.3373493976    2042.1852107863
15258.0321285141    14389.5582329317    14495.983935743 14714.5247657296    273.4847939743
14375.5020080321    8725.9036144578 14116.4658634538    12405.9571619813    1841.5455932024
14426.7068273092    9178.7148594378 13515.0602409639    12373.4939759036    1618.923003816
3541.1646586345 14273.0923694779    4608.4337349398 7474.2302543507 3413.3639500105
14474.8995983936    15278.1124497992    15335.3413654618    15029.4511378849    277.7674954952
14906.6265060241    13972.8915662651    14158.6345381526    14346.0508701473    285.3704583843
14335.3413654618    3556.2248995984 14375.5020080321    10755.6894243641    3599.7509312832
6045.1807228916 14436.7469879518    4327.3092369478 8269.7456492637 3123.1234229048
11804.2168674699    15301.2048192771    14331.3253012048    13812.2489959839    1042.3229412795
15357.4297188755    14408.6345381526    14727.9116465863    14831.3253012048    278.7315684262
14253.0120481928    5139.5582329317 14445.7831325301    11279.4511378849    3070.4507723329
11305.2208835341    12745.983935743 9147.5903614458 11066.265060241 1045.6152882394
6618.4738955823 14411.6465863454    9031.124497992  10020.4149933066    2303.4327216934
14440.7630522088    15295.1807228916    15392.5702811245    15042.8380187416    302.3474163427
15353.4136546185    10334.3373493976    14467.8714859438    13385.2074966533    1546.7064712573
14359.437751004 7547.1887550201 13827.3092369478    11911.311914324 2187.4618778429
3555.2208835341 14341.3654618474    4234.9397590362 7377.1753681392 3487.6191584616
14351.40562249  15343.3734939759    14374.4979919679    14689.7590361446    326.8752101321
15322.2891566265    14376.5060240964    15346.3855421687    15015.0602409639    319.3528742413
14331.3253012048    3579.3172690763 14391.5662650602    10767.4029451138    3594.084909402
7341.3654618474 14404.6184738956    4505.0200803213 8750.3346720214 2943.3205604628
10523.0923694779    14396.5863453815    13489.9598393574    12803.2128514056    1169.7157723761
14423.6947791165    15273.0923694779    15367.4698795181    15021.4190093708    300.1013551981
15353.4136546185    6157.6305220884 14508.0321285141    12006.358768407 2934.5291533529
12392.5702811245    11694.7791164659    9411.6465863454 11166.3319946452    900.1701300207
5700.8032128514 14355.421686747 8762.0481927711 9606.0910307898 2533.7660682919
14272.0883534137    15311.2449799197    14442.7710843373    14675.3681392236    321.733671463
15317.2690763052    11501.0040160643    15397.5903614458    14071.9544846051    1285.6843328204
11703.8152610442    2756.0240963856 11943.7751004016    8801.2048192771 3023.3840124625
